350	5	16
0	1	0.00000 0.00014 0.00523 0.00680 0.14908 0.15935 0.38163 0.02314 0.00009 0.00501 0.02103 0.03157 0.04164 0.08322 0.08550 0.00655 
1	1	0.00000 0.00054 0.00145 0.00014 0.00289 0.00385 0.64685 0.14585 0.00025 0.00803 0.01665 0.01887 0.03119 0.05140 0.06165 0.01041 
2	1	0.00000 0.00012 0.00525 0.00433 0.06806 0.20175 0.34237 0.05134 0.00027 0.01067 0.03850 0.04884 0.06580 0.08672 0.06690 0.00907 
3	1	0.00000 0.00214 0.01001 0.00317 0.01105 0.23397 0.25524 0.06677 0.00002 0.02390 0.06280 0.07131 0.08509 0.09241 0.06959 0.01252 
4	1	0.00000 0.00000 0.06435 0.01045 0.00594 0.07078 0.37781 0.02563 0.00000 0.00233 0.08101 0.08269 0.07122 0.09337 0.09535 0.01906 
5	1	0.00000 0.00001 0.00852 0.00242 0.00836 0.01364 0.48409 0.13424 0.00006 0.00404 0.03765 0.05277 0.06973 0.08801 0.08449 0.01197 
6	1	0.00000 0.00000 0.01198 0.00221 0.00282 0.01462 0.42350 0.17823 0.00005 0.00500 0.04102 0.05156 0.07011 0.09302 0.08987 0.01597 
7	1	0.00000 0.00087 0.01858 0.01109 0.00600 0.01785 0.47656 0.02787 0.00037 0.02351 0.06930 0.07580 0.07918 0.09405 0.08491 0.01405 
8	1	0.00000 0.00010 0.00461 0.01104 0.17785 0.09739 0.16837 0.00511 0.00000 0.00327 0.03697 0.09053 0.16063 0.15550 0.07998 0.00865 
9	1	0.00000 0.00005 0.01338 0.00353 0.01384 0.04332 0.42705 0.05214 0.00006 0.01253 0.05743 0.07300 0.09540 0.11222 0.08596 0.01010 
10	1	0.00000 0.00287 0.00118 0.00643 0.04698 0.17925 0.37382 0.07725 0.00015 0.00372 0.01126 0.04145 0.09640 0.09799 0.04994 0.01130 
11	1	0.00000 0.00064 0.00651 0.00411 0.01384 0.20221 0.31982 0.04362 0.00025 0.02186 0.05574 0.07025 0.09117 0.10290 0.06157 0.00550 
12	1	0.00000 0.00013 0.00727 0.00343 0.01192 0.16152 0.36322 0.05654 0.00015 0.01083 0.04284 0.06002 0.08350 0.10423 0.07871 0.01567 
13	1	0.00000 0.00034 0.00539 0.00337 0.09461 0.33904 0.21520 0.13170 0.00001 0.00334 0.01580 0.02257 0.04524 0.06125 0.04507 0.01708 
14	1	0.00000 0.01381 0.05380 0.20411 0.25123 0.16853 0.02793 0.01132 0.00262 0.02946 0.04715 0.06311 0.06869 0.04336 0.01248 0.00240 
15	1	0.00000 0.00092 0.00891 0.01258 0.01777 0.04655 0.32078 0.23593 0.00014 0.01353 0.05436 0.08137 0.07221 0.04830 0.05715 0.02949 
16	1	0.00000 0.00000 0.00172 0.00560 0.15581 0.00785 0.52029 0.09863 0.00000 0.00134 0.01269 0.02983 0.06370 0.04066 0.03928 0.02258 
17	1	0.00000 0.00026 0.01210 0.00800 0.01820 0.02446 0.31748 0.28799 0.00001 0.01165 0.05146 0.06704 0.07278 0.05014 0.04765 0.03078 
18	1	0.00000 0.00385 0.00483 0.00895 0.04802 0.01185 0.27782 0.23170 0.00132 0.02618 0.05915 0.07152 0.09451 0.06620 0.05669 0.03742 
19	1	0.00000 0.00009 0.00046 0.00594 0.01831 0.07244 0.33770 0.14737 0.00018 0.00275 0.01548 0.06701 0.13483 0.12367 0.06153 0.01225 
20	1	0.00000 0.00009 0.00167 0.01052 0.02589 0.03347 0.06662 0.24245 0.00003 0.00517 0.03264 0.11614 0.20087 0.16323 0.08200 0.01920 
21	1	0.00000 0.00963 0.02206 0.01409 0.02191 0.09619 0.31492 0.01367 0.00001 0.02374 0.06328 0.08153 0.10662 0.13149 0.08801 0.01284 
22	1	0.00000 0.00000 0.00316 0.00260 0.01007 0.04855 0.48898 0.15185 0.00001 0.00060 0.00700 0.02783 0.07141 0.10030 0.07104 0.01660 
23	1	0.00000 0.00000 0.00529 0.00571 0.05216 0.03731 0.43566 0.19086 0.00000 0.00202 0.01537 0.04166 0.07933 0.07122 0.04810 0.01529 
24	1	0.00000 0.00002 0.00557 0.01617 0.03504 0.32207 0.39485 0.02097 0.00000 0.00313 0.01694 0.04744 0.06410 0.04606 0.02405 0.00360 
25	1	0.00004 0.00302 0.00193 0.00104 0.00290 0.17019 0.25651 0.12531 0.01340 0.03484 0.04560 0.05523 0.07302 0.09463 0.09005 0.03229 
26	1	0.00000 0.00192 0.00161 0.00551 0.03905 0.23521 0.36149 0.00755 0.00010 0.00493 0.01751 0.05672 0.11657 0.10894 0.03956 0.00333 
27	1	0.00000 0.00015 0.00735 0.00391 0.06042 0.23790 0.20229 0.09421 0.00008 0.02234 0.06232 0.06832 0.08760 0.07556 0.05410 0.02346 
28	1	0.00000 0.00008 0.00183 0.00290 0.00315 0.11581 0.58090 0.00730 0.00012 0.00337 0.01527 0.03090 0.05515 0.10590 0.07234 0.00494 
29	1	0.00000 0.00006 0.00144 0.00242 0.00482 0.13444 0.58875 0.00311 0.00011 0.00232 0.01195 0.02385 0.05278 0.11103 0.05971 0.00321 
30	1	0.00000 0.00007 0.00353 0.00596 0.00305 0.04835 0.52003 0.11973 0.00005 0.00188 0.01470 0.03086 0.04258 0.09253 0.09899 0.01766 
31	1	0.00000 0.00009 0.00235 0.00451 0.00205 0.04617 0.32898 0.36025 0.00002 0.00153 0.01134 0.02345 0.03175 0.07647 0.08667 0.02437 
32	1	0.00000 0.00000 0.00562 0.00508 0.04748 0.00773 0.58493 0.08112 0.00001 0.00205 0.01905 0.03714 0.06576 0.06092 0.06257 0.02054 
33	1	0.00000 0.00139 0.01617 0.03237 0.05981 0.07895 0.24607 0.03434 0.00014 0.01045 0.07607 0.16270 0.16579 0.07799 0.03052 0.00724 
34	1	0.00000 0.00027 0.00821 0.02735 0.03864 0.25840 0.37078 0.01148 0.00012 0.00231 0.03131 0.07542 0.08470 0.06352 0.02477 0.00273 
35	1	0.00000 0.00035 0.00255 0.00115 0.00875 0.18542 0.32008 0.16778 0.00002 0.00390 0.01279 0.02427 0.05585 0.11515 0.08418 0.01775 
36	1	0.00000 0.00028 0.00213 0.00087 0.00557 0.18020 0.26130 0.25153 0.00003 0.00448 0.01292 0.02397 0.04967 0.10577 0.07996 0.02130 
37	1	0.00000 0.06030 0.01252 0.08882 0.09087 0.01066 0.35487 0.01309 0.00021 0.06863 0.08115 0.05036 0.04300 0.04265 0.05981 0.02305 
38	1	0.00000 0.00055 0.01154 0.00297 0.01065 0.08262 0.38642 0.00853 0.00008 0.00641 0.03234 0.05825 0.09837 0.15812 0.12550 0.01763 
39	1	0.00000 0.00032 0.02640 0.00883 0.03473 0.09720 0.19325 0.00179 0.00002 0.00835 0.05463 0.11442 0.18284 0.18785 0.08478 0.00458 
40	1	0.00000 0.00000 0.00616 0.00311 0.02030 0.15122 0.38335 0.02411 0.00000 0.00036 0.01168 0.03929 0.10575 0.16569 0.08181 0.00717 
41	1	0.00000 0.00000 0.00269 0.00300 0.05389 0.12791 0.44235 0.02044 0.00001 0.00118 0.00856 0.03996 0.12215 0.12371 0.04776 0.00640 
42	1	0.00000 0.00002 0.00059 0.02070 0.04071 0.32685 0.35013 0.01262 0.00001 0.00132 0.00987 0.05412 0.08623 0.06492 0.02647 0.00545 
43	1	0.00000 0.00039 0.00352 0.00028 0.00500 0.04779 0.48658 0.12468 0.00024 0.01252 0.02637 0.02660 0.04091 0.11153 0.10630 0.00729 
44	1	0.00000 0.00012 0.00064 0.00007 0.00205 0.09085 0.47937 0.06825 0.00009 0.00409 0.00898 0.01081 0.02040 0.15050 0.15865 0.00514 
45	1	0.00000 0.00201 0.10512 0.00858 0.00537 0.06537 0.28693 0.01145 0.00024 0.03222 0.12377 0.07714 0.07082 0.08375 0.09658 0.03063 
46	1	0.00000 0.00001 0.00571 0.00416 0.04238 0.21730 0.46675 0.01470 0.00006 0.00611 0.03435 0.04697 0.05741 0.05848 0.04090 0.00470 
47	1	0.00000 0.00001 0.00296 0.00271 0.05875 0.31054 0.40180 0.02851 0.00002 0.00306 0.02048 0.03204 0.04324 0.05125 0.03730 0.00732 
48	1	0.00000 0.00004 0.00881 0.00307 0.02851 0.25330 0.19450 0.11587 0.00004 0.01790 0.05787 0.06643 0.09010 0.08512 0.05402 0.02440 
49	1	0.00000 0.00008 0.00152 0.00207 0.09934 0.32374 0.29540 0.04238 0.00012 0.00455 0.01456 0.02221 0.03438 0.08055 0.07214 0.00697 
50	1	0.00000 0.00001 0.00137 0.00244 0.04131 0.34084 0.36961 0.03685 0.00005 0.00307 0.01392 0.02630 0.04472 0.06405 0.04869 0.00675 
51	1	0.00000 0.00031 0.00522 0.00300 0.01273 0.01759 0.40257 0.25192 0.00035 0.00810 0.02917 0.03980 0.05750 0.08205 0.07948 0.01020 
52	1	0.00000 0.00004 0.00549 0.00106 0.00198 0.02090 0.52404 0.09892 0.00024 0.00936 0.03179 0.03683 0.04975 0.09949 0.11123 0.00887 
53	1	0.00000 0.00712 0.00426 0.00208 0.00197 0.13738 0.48065 0.07043 0.00115 0.01410 0.02385 0.03260 0.05137 0.08898 0.07396 0.01009 
54	1	0.00000 0.00158 0.00247 0.00269 0.00028 0.01230 0.68320 0.05230 0.00046 0.01095 0.02117 0.02281 0.02910 0.05986 0.08248 0.01835 
55	1	0.00000 0.00221 0.00315 0.00000 0.00000 0.29424 0.55810 0.01653 0.00002 0.02167 0.02680 0.00812 0.00882 0.02710 0.03043 0.00282 
56	1	0.00000 0.00027 0.00934 0.00000 0.00000 0.00003 0.82774 0.04826 0.00001 0.01462 0.02834 0.00794 0.00839 0.01310 0.03510 0.00687 
57	1	0.00000 0.00011 0.00238 0.01748 0.11349 0.01227 0.58411 0.03060 0.00001 0.00535 0.02175 0.07975 0.08222 0.01293 0.02743 0.01011 
58	1	0.00000 0.00030 0.00541 0.01131 0.18049 0.00142 0.45587 0.08209 0.00002 0.01025 0.04014 0.07040 0.06821 0.01587 0.03798 0.02022 
59	1	0.00000 0.00426 0.00340 0.00409 0.06877 0.18225 0.27142 0.05184 0.00009 0.03507 0.05577 0.06243 0.08414 0.09767 0.06305 0.01575 
60	1	0.00000 0.00012 0.01235 0.00774 0.11902 0.01289 0.40087 0.07322 0.00001 0.01177 0.05462 0.07014 0.11129 0.06347 0.04064 0.02183 
61	1	0.00000 0.00040 0.00528 0.01041 0.18930 0.00075 0.46157 0.07212 0.00006 0.01100 0.03867 0.06341 0.06223 0.01833 0.04073 0.02572 
62	1	0.00000 0.00001 0.00131 0.13776 0.34514 0.19797 0.20290 0.01828 0.00007 0.00100 0.00685 0.02701 0.02466 0.01343 0.01669 0.00692 
63	1	0.00000 0.00011 0.00142 0.04321 0.29759 0.25944 0.25878 0.01822 0.00010 0.00199 0.00812 0.03306 0.03322 0.01575 0.02087 0.00810 
64	1	0.00000 0.00243 0.11980 0.11207 0.00357 0.00246 0.31642 0.00106 0.00021 0.01934 0.16980 0.16435 0.03804 0.02767 0.02116 0.00162 
65	1	0.00000 0.02059 0.23507 0.01299 0.00071 0.03284 0.38754 0.00635 0.00113 0.07426 0.13305 0.03706 0.01730 0.02088 0.01805 0.00217 
66	1	0.00000 0.00677 0.21076 0.01201 0.00195 0.32203 0.23177 0.00239 0.00002 0.02919 0.06787 0.03231 0.01762 0.03565 0.02777 0.00188 
67	1	0.00000 0.02020 0.03605 0.05632 0.02791 0.00203 0.20377 0.15773 0.00050 0.02794 0.13750 0.16816 0.08422 0.02917 0.03321 0.01528 
68	1	0.00000 0.00000 0.01063 0.00667 0.00765 0.26032 0.24996 0.05739 0.00005 0.00379 0.04665 0.07310 0.08462 0.09953 0.07690 0.02271 
69	1	0.00000 0.00000 0.00680 0.00641 0.03797 0.23168 0.39363 0.05804 0.00001 0.00463 0.03565 0.05264 0.06491 0.06298 0.03715 0.00748 
70	2	0.00000 0.03418 0.04357 0.05289 0.21447 0.02559 0.05470 0.00097 0.00070 0.04938 0.08357 0.09410 0.15801 0.11143 0.06378 0.01265 
71	2	0.00000 0.06000 0.04195 0.01013 0.23557 0.04106 0.05286 0.00276 0.00092 0.06736 0.10272 0.06555 0.12545 0.11597 0.06195 0.01573 
72	2	0.00000 0.04633 0.04365 0.03754 0.20943 0.03240 0.08532 0.00070 0.00059 0.05147 0.09092 0.09507 0.13577 0.09867 0.06316 0.00899 
73	2	0.00001 0.06155 0.02724 0.17168 0.04603 0.03582 0.06299 0.00099 0.00291 0.05981 0.08602 0.13777 0.14057 0.09570 0.05991 0.01100 
74	2	0.00002 0.07081 0.03093 0.03831 0.14857 0.02677 0.12361 0.00030 0.00291 0.07093 0.08742 0.10658 0.15345 0.07932 0.05318 0.00687 
75	2	0.00055 0.00051 0.00502 0.01960 0.29633 0.11334 0.00317 0.00107 0.00069 0.00249 0.01207 0.08572 0.28682 0.15803 0.01152 0.00305 
76	2	0.00000 0.00042 0.00493 0.02134 0.15920 0.25837 0.05161 0.00638 0.00004 0.00119 0.00950 0.04225 0.16934 0.19393 0.07410 0.00740 
77	2	0.00008 0.00219 0.03382 0.21233 0.42003 0.05568 0.04592 0.00129 0.00063 0.00473 0.01441 0.06334 0.09000 0.03785 0.01510 0.00261 
78	2	0.00045 0.02855 0.02550 0.05021 0.03297 0.48750 0.05691 0.01496 0.00212 0.02319 0.05076 0.05384 0.03405 0.06854 0.05609 0.01436 
79	2	0.00001 0.02438 0.02023 0.02505 0.07470 0.52283 0.04372 0.00542 0.00058 0.02088 0.05122 0.06222 0.04543 0.05725 0.03862 0.00745 
80	2	0.00000 0.00316 0.03194 0.01899 0.00621 0.41512 0.00104 0.00044 0.00015 0.01460 0.09546 0.13992 0.12730 0.10012 0.03795 0.00761 
81	2	0.00000 0.00469 0.01059 0.00911 0.03717 0.23663 0.42862 0.06062 0.00005 0.00380 0.01175 0.02106 0.03161 0.06909 0.06303 0.01217 
82	2	0.01056 0.04719 0.07818 0.33594 0.04791 0.02651 0.07143 0.02837 0.00709 0.02335 0.04172 0.08206 0.09324 0.05238 0.03400 0.02007 
83	2	0.00064 0.03310 0.09291 0.33849 0.04227 0.04327 0.16076 0.02023 0.00098 0.01253 0.03400 0.05110 0.05679 0.05170 0.04246 0.01878 
84	2	0.00000 0.00795 0.12610 0.53579 0.02198 0.00921 0.04470 0.01590 0.00005 0.00587 0.03430 0.09132 0.05878 0.01983 0.01988 0.00834 
85	2	0.00062 0.02163 0.16375 0.36724 0.04668 0.03143 0.06017 0.02391 0.00082 0.00991 0.03728 0.08386 0.07603 0.03802 0.02623 0.01241 
86	2	0.00262 0.04292 0.05767 0.20677 0.20045 0.05998 0.09142 0.00677 0.00209 0.01854 0.03700 0.07402 0.09684 0.05951 0.03377 0.00961 
87	2	0.00013 0.03685 0.09316 0.20763 0.12601 0.05312 0.11847 0.00277 0.00115 0.02510 0.05561 0.09222 0.09477 0.05744 0.02966 0.00589 
88	2	0.00042 0.02995 0.10075 0.22558 0.15859 0.05535 0.08234 0.00497 0.00065 0.01456 0.04765 0.08667 0.09404 0.05883 0.03273 0.00691 
89	2	0.00222 0.14542 0.06625 0.01390 0.16911 0.28709 0.01316 0.00095 0.00278 0.04371 0.06185 0.02825 0.06422 0.07724 0.01981 0.00404 
90	2	0.00125 0.02479 0.05742 0.06302 0.26543 0.25443 0.01767 0.00658 0.00170 0.01075 0.02567 0.03468 0.09639 0.10867 0.02718 0.00435 
91	2	0.00000 0.00002 0.00013 0.00027 0.00097 0.83317 0.00122 0.00003 0.00013 0.00127 0.00531 0.01530 0.03783 0.06653 0.03297 0.00485 
92	2	0.00000 0.00726 0.04566 0.06305 0.32104 0.11113 0.10090 0.00122 0.00015 0.01358 0.04227 0.07520 0.10693 0.07424 0.03528 0.00209 
93	2	0.00000 0.00098 0.04608 0.14749 0.10365 0.15812 0.01599 0.00006 0.00000 0.00308 0.05443 0.13243 0.16719 0.13472 0.03483 0.00093 
94	2	0.00000 0.00257 0.08918 0.04713 0.12767 0.15144 0.03398 0.00004 0.00016 0.01916 0.10662 0.14388 0.15378 0.09557 0.02841 0.00040 
95	2	0.00000 0.00061 0.05456 0.09861 0.14452 0.21302 0.01167 0.00018 0.00003 0.00419 0.05634 0.11551 0.16227 0.12245 0.01542 0.00060 
96	2	0.00000 0.00138 0.11933 0.05940 0.10154 0.16844 0.10227 0.00007 0.00005 0.01350 0.05956 0.09142 0.11942 0.11559 0.04762 0.00038 
97	2	0.00000 0.00068 0.10572 0.09693 0.22547 0.09969 0.03572 0.00063 0.00001 0.00131 0.05366 0.11945 0.13874 0.09305 0.02775 0.00119 
98	2	0.00000 0.00030 0.15425 0.03929 0.17612 0.24640 0.04853 0.00018 0.00003 0.00212 0.03889 0.07829 0.09467 0.08120 0.03912 0.00060 
99	2	0.00000 0.00047 0.00054 0.34907 0.06998 0.22046 0.06497 0.00073 0.00005 0.00135 0.00292 0.03539 0.09257 0.11545 0.04434 0.00170 
100	2	0.00000 0.00077 0.22018 0.01193 0.24150 0.15910 0.07609 0.00004 0.00025 0.00140 0.01291 0.02512 0.09570 0.11123 0.04340 0.00037 
101	2	0.00000 0.00071 0.05184 0.10969 0.13276 0.22288 0.14220 0.00182 0.00005 0.00122 0.03573 0.04773 0.09182 0.12087 0.03795 0.00273 
102	2	0.00000 0.00084 0.00948 0.00468 0.24459 0.15680 0.00089 0.00014 0.00019 0.00915 0.05852 0.11422 0.18981 0.15744 0.04623 0.00702 
103	2	0.00002 0.00722 0.04284 0.15695 0.12160 0.17607 0.02302 0.00000 0.00093 0.01532 0.07516 0.13847 0.13360 0.08630 0.02244 0.00006 
104	2	0.00000 0.01910 0.08635 0.16851 0.16149 0.12953 0.00172 0.00000 0.00016 0.02049 0.08593 0.11808 0.12528 0.07895 0.00438 0.00003 
105	2	0.00038 0.23255 0.05180 0.09615 0.07360 0.07289 0.04667 0.00037 0.00334 0.03227 0.09375 0.12917 0.08737 0.05550 0.02311 0.00107 
106	2	0.00000 0.01289 0.06265 0.19155 0.06914 0.14272 0.01365 0.00051 0.00032 0.03929 0.14011 0.17048 0.08840 0.05221 0.01522 0.00085 
107	2	0.00000 0.00128 0.05606 0.11554 0.14571 0.28439 0.00888 0.00000 0.00004 0.00816 0.05627 0.10301 0.12432 0.08370 0.01262 0.00002 
108	2	0.00000 0.14312 0.04422 0.04420 0.15681 0.10950 0.05794 0.00027 0.00003 0.03286 0.06462 0.10022 0.13112 0.08125 0.03242 0.00140 
109	2	0.00000 0.21302 0.04041 0.02095 0.06712 0.13922 0.04617 0.00051 0.00004 0.04335 0.07281 0.08325 0.11924 0.10811 0.04445 0.00132 
110	2	0.00000 0.00121 0.00050 0.17258 0.16579 0.22298 0.10869 0.00031 0.00032 0.00210 0.00518 0.05298 0.11189 0.11080 0.04385 0.00081 
111	2	0.00000 0.01210 0.00593 0.06512 0.08608 0.18987 0.04946 0.00073 0.00005 0.00465 0.01553 0.08442 0.19375 0.21197 0.07522 0.00510 
112	2	0.00000 0.00453 0.02945 0.05470 0.34783 0.15521 0.08845 0.00065 0.00015 0.01016 0.04309 0.06927 0.09219 0.07356 0.02874 0.00202 
113	2	0.00000 0.00067 0.00354 0.00717 0.50187 0.00558 0.00097 0.00018 0.00006 0.00587 0.04007 0.10428 0.16554 0.11878 0.03960 0.00581 
114	2	0.00000 0.00234 0.02084 0.01890 0.16706 0.08512 0.00091 0.00014 0.00024 0.01376 0.09922 0.17817 0.20229 0.15250 0.05030 0.00821 
115	2	0.00000 0.00135 0.03857 0.03051 0.12320 0.06873 0.00057 0.00003 0.00019 0.01882 0.14996 0.21690 0.18969 0.11875 0.03715 0.00557 
116	2	0.00000 0.01491 0.00860 0.07266 0.09378 0.18042 0.00218 0.00005 0.00086 0.01865 0.04276 0.15038 0.21501 0.14695 0.04777 0.00502 
117	2	0.00006 0.02042 0.04967 0.03589 0.13251 0.28083 0.07842 0.00586 0.00065 0.01922 0.05023 0.04196 0.09594 0.12702 0.05215 0.00916 
118	2	0.00000 0.00002 0.00004 0.01282 0.24602 0.35416 0.20825 0.00040 0.00005 0.00030 0.00131 0.02244 0.06425 0.06367 0.02452 0.00175 
119	2	0.00000 0.00552 0.11327 0.01669 0.09432 0.47593 0.09569 0.00207 0.00001 0.01390 0.06203 0.03637 0.01346 0.03885 0.02944 0.00244 
120	2	0.00000 0.00114 0.04115 0.00715 0.40139 0.21305 0.04347 0.00015 0.00007 0.00919 0.05399 0.05784 0.08076 0.07201 0.01767 0.00095 
121	2	0.00000 0.00594 0.01735 0.00514 0.23962 0.44262 0.03952 0.00070 0.00007 0.01330 0.04280 0.05156 0.06475 0.05762 0.01744 0.00158 
122	2	0.00000 0.01802 0.01074 0.09564 0.15998 0.01968 0.28175 0.00202 0.00002 0.00845 0.02213 0.11682 0.15259 0.06436 0.04061 0.00718 
123	2	0.00000 0.00047 0.00095 0.00084 0.09702 0.65281 0.00039 0.00003 0.00007 0.00182 0.00953 0.02935 0.08702 0.09431 0.02249 0.00289 
124	2	0.00000 0.00001 0.02028 0.17427 0.12836 0.09151 0.16229 0.00201 0.00000 0.00096 0.01670 0.12291 0.13703 0.07837 0.05625 0.00904 
125	2	0.00000 0.04225 0.03045 0.28170 0.06665 0.04306 0.08158 0.00136 0.00029 0.00915 0.05952 0.15905 0.11247 0.06347 0.04252 0.00649 
126	2	0.00000 0.00011 0.00122 0.05486 0.04318 0.24739 0.01507 0.00031 0.00003 0.00069 0.02643 0.12093 0.17847 0.19502 0.10521 0.01108 
127	2	0.00000 0.00034 0.01619 0.00952 0.10405 0.15896 0.00072 0.00006 0.00009 0.00742 0.09210 0.16647 0.21201 0.18196 0.04463 0.00546 
128	2	0.00000 0.00004 0.00047 0.09263 0.02090 0.46027 0.24969 0.00017 0.00002 0.00044 0.00569 0.04854 0.05005 0.04264 0.02613 0.00231 
129	2	0.00000 0.00005 0.00053 0.10860 0.01845 0.37631 0.27262 0.00097 0.00001 0.00037 0.00962 0.08091 0.06331 0.03896 0.02587 0.00343 
130	2	0.00000 0.00000 0.00827 0.02989 0.00794 0.62845 0.06579 0.00005 0.00001 0.00077 0.04388 0.07739 0.05096 0.05577 0.02880 0.00203 
131	2	0.00000 0.00045 0.00402 0.00980 0.05907 0.23473 0.00756 0.00010 0.00003 0.00445 0.05042 0.12633 0.17011 0.20759 0.11420 0.01113 
132	2	0.00000 0.00058 0.00094 0.07708 0.05321 0.02580 0.28950 0.00445 0.00007 0.00179 0.01712 0.06809 0.14483 0.16730 0.12637 0.02287 
133	2	0.00000 0.00019 0.01887 0.00845 0.05897 0.11899 0.00085 0.00004 0.00005 0.01054 0.10682 0.17684 0.22212 0.20399 0.06509 0.00818 
134	2	0.00000 0.01331 0.05146 0.01134 0.09090 0.54247 0.00414 0.00014 0.00009 0.02719 0.06714 0.05891 0.05300 0.05393 0.02335 0.00263 
135	2	0.00207 0.03740 0.09410 0.31767 0.12067 0.05527 0.02895 0.00435 0.00460 0.01680 0.04045 0.10243 0.10381 0.04935 0.01928 0.00279 
136	2	0.00412 0.03795 0.11733 0.16858 0.19110 0.06178 0.05845 0.01525 0.00486 0.01616 0.03110 0.08485 0.10970 0.05086 0.03475 0.01314 
137	2	0.00000 0.00478 0.09782 0.02390 0.04313 0.46031 0.00108 0.00008 0.00010 0.01363 0.08678 0.10380 0.07855 0.06209 0.02067 0.00326 
138	2	0.00001 0.09246 0.01172 0.08955 0.04672 0.09341 0.08425 0.00012 0.00277 0.03288 0.05604 0.13499 0.16516 0.12621 0.05903 0.00467 
139	2	0.00003 0.08415 0.01205 0.07074 0.07607 0.02707 0.02750 0.00046 0.00189 0.03665 0.05582 0.14151 0.21451 0.16647 0.07672 0.00834 
140	3	0.00000 0.01486 0.19091 0.13504 0.11736 0.09123 0.09601 0.02211 0.00001 0.00947 0.06165 0.08595 0.07368 0.05982 0.03507 0.00680 
141	3	0.00082 0.04492 0.07843 0.10711 0.15003 0.10722 0.08523 0.05682 0.00158 0.02133 0.04300 0.06995 0.08103 0.07766 0.05628 0.01857 
142	3	0.00000 0.02092 0.29240 0.14382 0.06750 0.09390 0.07983 0.02173 0.00001 0.01212 0.05616 0.06306 0.05892 0.05832 0.02685 0.00446 
143	3	0.00000 0.06902 0.07680 0.12850 0.14012 0.11480 0.09495 0.00630 0.00039 0.01715 0.04595 0.07465 0.09300 0.09323 0.04185 0.00327 
144	3	0.00000 0.00600 0.09392 0.02009 0.01850 0.02010 0.05003 0.00105 0.00016 0.04173 0.13032 0.13776 0.16689 0.18470 0.11452 0.01425 
145	3	0.00000 0.00065 0.01375 0.02727 0.05771 0.07370 0.05100 0.00029 0.00002 0.00637 0.05060 0.12821 0.23247 0.24750 0.10365 0.00682 
146	3	0.00000 0.00240 0.02157 0.01515 0.02144 0.02581 0.07705 0.00190 0.00028 0.02102 0.08344 0.14134 0.21678 0.23138 0.12524 0.01522 
147	3	0.00000 0.00395 0.09981 0.09657 0.10090 0.07835 0.06643 0.02612 0.00002 0.01312 0.06532 0.11324 0.12432 0.10946 0.07979 0.02259 
148	3	0.00000 0.00383 0.10652 0.06314 0.06238 0.11954 0.10761 0.05958 0.00002 0.01254 0.06989 0.08491 0.08489 0.10724 0.08617 0.03173 
149	3	0.00000 0.00227 0.02965 0.06274 0.08785 0.03512 0.08914 0.11565 0.00001 0.00830 0.03732 0.07736 0.09282 0.08927 0.16295 0.10955 
150	3	0.00044 0.01589 0.02108 0.03698 0.03383 0.03554 0.17777 0.08840 0.00191 0.02664 0.05517 0.06784 0.08507 0.10205 0.17222 0.07917 
151	3	0.00008 0.01151 0.02446 0.03640 0.04295 0.06187 0.17139 0.10812 0.00145 0.01985 0.04673 0.06879 0.07492 0.08317 0.15957 0.08875 
152	3	0.00000 0.00337 0.02225 0.13380 0.09532 0.05886 0.11287 0.16912 0.00015 0.00522 0.02803 0.06490 0.07788 0.07967 0.09477 0.05381 
153	3	0.00000 0.02310 0.21969 0.04450 0.07972 0.07982 0.04619 0.03419 0.00005 0.02110 0.04965 0.06065 0.11042 0.11872 0.08254 0.02965 
154	3	0.00003 0.02070 0.06229 0.09429 0.11166 0.07841 0.06655 0.04407 0.00052 0.01057 0.05707 0.10895 0.12860 0.11650 0.07647 0.02332 
155	3	0.02821 0.14737 0.10000 0.05640 0.10530 0.15917 0.04797 0.00073 0.00427 0.01264 0.01844 0.03409 0.07287 0.12628 0.07738 0.00888 
156	3	0.00002 0.17605 0.19170 0.08008 0.08974 0.07361 0.07925 0.00257 0.00013 0.01268 0.02209 0.02876 0.06702 0.09956 0.06769 0.00905 
157	3	0.00829 0.20308 0.14159 0.03652 0.01966 0.17571 0.06384 0.00351 0.01414 0.03047 0.01458 0.01036 0.02659 0.12804 0.10997 0.01363 
158	3	0.00000 0.00075 0.11709 0.05125 0.17234 0.28300 0.01048 0.00002 0.00034 0.00300 0.01228 0.02041 0.11615 0.16467 0.04754 0.00069 
159	3	0.00007 0.00167 0.30386 0.05307 0.18357 0.12760 0.00976 0.00012 0.00180 0.00478 0.00954 0.01800 0.10620 0.12914 0.04610 0.00470 
160	3	0.02806 0.05176 0.00468 0.02510 0.45143 0.03127 0.00119 0.00000 0.00445 0.00616 0.00467 0.03758 0.19529 0.13357 0.02275 0.00201 
161	3	0.00000 0.01653 0.70151 0.10032 0.01933 0.00927 0.00228 0.00017 0.00000 0.00508 0.01854 0.03550 0.04777 0.03180 0.01116 0.00072 
162	3	0.03858 0.04061 0.01814 0.02679 0.08933 0.44070 0.06500 0.00002 0.00442 0.00509 0.00701 0.02279 0.08302 0.12000 0.03815 0.00035 
163	3	0.00000 0.00254 0.36297 0.12607 0.05859 0.11735 0.00812 0.00061 0.00069 0.00372 0.01628 0.03289 0.08939 0.12985 0.04727 0.00364 
164	3	0.03569 0.27890 0.08837 0.01853 0.06790 0.06843 0.00539 0.00099 0.02095 0.03597 0.03068 0.04704 0.12631 0.12616 0.04374 0.00495 
165	3	0.00073 0.15453 0.16359 0.03497 0.04689 0.03456 0.01026 0.03123 0.00291 0.04829 0.09953 0.08419 0.09369 0.08621 0.06689 0.04152 
166	3	0.00000 0.00011 0.31299 0.25839 0.00400 0.00932 0.05275 0.00133 0.00001 0.00271 0.06033 0.11205 0.05630 0.05820 0.06243 0.00908 
167	3	0.00000 0.00335 0.23863 0.28905 0.02284 0.01611 0.04624 0.01434 0.00000 0.00679 0.06200 0.11016 0.06456 0.04617 0.05672 0.02304 
168	3	0.00002 0.22547 0.15346 0.15753 0.00835 0.02767 0.13145 0.00030 0.00029 0.02278 0.05528 0.05829 0.02927 0.06012 0.06455 0.00515 
169	3	0.00101 0.37065 0.26046 0.05301 0.02139 0.03102 0.04647 0.00013 0.00064 0.02083 0.03380 0.01774 0.03714 0.05728 0.04453 0.00389 
170	3	0.00000 0.01057 0.14715 0.13199 0.09410 0.03455 0.01669 0.01384 0.00009 0.01552 0.08813 0.13652 0.13430 0.08928 0.06036 0.02690 
171	3	0.00000 0.00990 0.03686 0.05282 0.05028 0.06521 0.24712 0.00450 0.00050 0.01897 0.05162 0.08634 0.11320 0.12830 0.11127 0.02310 
172	3	0.00000 0.00143 0.02302 0.06627 0.06407 0.13395 0.20748 0.00684 0.00005 0.00512 0.02844 0.08202 0.11776 0.14300 0.10173 0.01881 
173	3	0.00005 0.00861 0.01648 0.09027 0.32618 0.19458 0.07613 0.00157 0.00085 0.00607 0.01546 0.05181 0.09467 0.07815 0.03483 0.00428 
174	3	0.00000 0.00000 0.30188 0.05919 0.04412 0.04212 0.02234 0.02481 0.00001 0.00477 0.07865 0.09896 0.09211 0.10302 0.08185 0.04617 
175	3	0.00000 0.00000 0.11280 0.11916 0.10168 0.15681 0.05974 0.03503 0.00000 0.00023 0.04502 0.08199 0.08937 0.10403 0.06884 0.02529 
176	3	0.00000 0.00000 0.27874 0.01471 0.10584 0.05248 0.03304 0.02449 0.00010 0.00686 0.06849 0.08092 0.11351 0.11258 0.07657 0.03167 
177	3	0.00000 0.00000 0.29435 0.13756 0.06284 0.05167 0.01792 0.03783 0.00013 0.00156 0.05063 0.07750 0.07105 0.08249 0.07046 0.04401 
178	3	0.00000 0.09790 0.27327 0.07232 0.06715 0.08161 0.05302 0.00040 0.00063 0.04174 0.09487 0.07101 0.05648 0.05391 0.03242 0.00325 
179	3	0.00000 0.05107 0.22324 0.07558 0.04388 0.08947 0.08009 0.00035 0.00077 0.05104 0.10837 0.08500 0.06153 0.07555 0.05027 0.00380 
180	3	0.00000 0.05520 0.20864 0.07464 0.06120 0.15526 0.04773 0.00001 0.00107 0.04172 0.09289 0.07494 0.06478 0.08034 0.03933 0.00226 
181	3	0.00001 0.10283 0.20266 0.07110 0.08535 0.17821 0.00592 0.00002 0.00207 0.05257 0.08315 0.05929 0.06649 0.06794 0.02048 0.00190 
182	3	0.00000 0.07075 0.03746 0.02319 0.06708 0.07630 0.02789 0.04861 0.00044 0.02495 0.04934 0.07927 0.13853 0.16082 0.12691 0.06845 
183	3	0.00000 0.14380 0.22762 0.10200 0.07120 0.15508 0.03385 0.00281 0.00014 0.02264 0.05506 0.05473 0.04944 0.05304 0.02632 0.00227 
184	3	0.00001 0.00430 0.06008 0.13712 0.16104 0.18567 0.07772 0.00200 0.00036 0.00994 0.03857 0.07304 0.09216 0.10039 0.05252 0.00509 
185	3	0.00000 0.00000 0.01667 0.07074 0.17729 0.22005 0.12983 0.00424 0.00001 0.00062 0.01576 0.04889 0.09646 0.12992 0.07955 0.00997 
186	3	0.00029 0.09153 0.12710 0.01809 0.02059 0.06283 0.03382 0.02306 0.00293 0.04011 0.09115 0.07867 0.09364 0.14207 0.12395 0.05016 
187	3	0.00033 0.06233 0.13957 0.02828 0.02803 0.08220 0.03355 0.02241 0.00296 0.03121 0.08386 0.08859 0.10343 0.14438 0.10942 0.03945 
188	3	0.00000 0.04489 0.11722 0.02070 0.01649 0.04146 0.02389 0.06870 0.00065 0.03732 0.09967 0.08282 0.09905 0.14492 0.13434 0.06789 
189	3	0.00002 0.01337 0.03868 0.17152 0.09227 0.10295 0.13100 0.01190 0.00061 0.01299 0.04702 0.10578 0.09740 0.07310 0.07570 0.02569 
190	3	0.00000 0.00189 0.06250 0.13542 0.08928 0.01378 0.01053 0.03997 0.00008 0.00902 0.07392 0.15686 0.17232 0.10887 0.07759 0.04796 
191	3	0.00000 0.00370 0.03520 0.05907 0.04290 0.03134 0.02104 0.08553 0.00008 0.00765 0.04525 0.12477 0.19134 0.16041 0.13057 0.06115 
192	3	0.00000 0.02241 0.03121 0.05549 0.03970 0.00474 0.03166 0.07680 0.00003 0.01980 0.07667 0.17899 0.19749 0.13077 0.09644 0.03781 
193	3	0.00000 0.01370 0.01573 0.02419 0.02231 0.02063 0.01091 0.01589 0.00118 0.03335 0.07486 0.11727 0.19223 0.22871 0.16611 0.06293 
194	3	0.00007 0.04700 0.35128 0.13977 0.10730 0.03007 0.04182 0.05005 0.00028 0.01477 0.04638 0.04387 0.03614 0.03385 0.04068 0.01667 
195	3	0.00876 0.16574 0.26564 0.11438 0.03307 0.01774 0.05305 0.10178 0.00561 0.03112 0.04440 0.03577 0.03310 0.04014 0.04112 0.00859 
196	3	0.00207 0.09824 0.30347 0.05402 0.02657 0.02063 0.07938 0.18300 0.00149 0.02120 0.03855 0.03030 0.03435 0.04325 0.04886 0.01462 
197	3	0.00030 0.03265 0.37894 0.10794 0.01522 0.02968 0.12417 0.00046 0.00066 0.02455 0.07625 0.07512 0.04364 0.04628 0.04037 0.00375 
198	3	0.00073 0.04396 0.33013 0.11518 0.04926 0.01880 0.11650 0.00009 0.00196 0.02446 0.07624 0.08254 0.05154 0.04407 0.04164 0.00289 
199	3	0.00050 0.19297 0.31633 0.02592 0.04409 0.02867 0.15598 0.00280 0.00105 0.03631 0.05218 0.02267 0.03238 0.04522 0.03912 0.00379 
200	3	0.00077 0.07246 0.18120 0.09895 0.11496 0.09969 0.17987 0.01248 0.00302 0.02517 0.03573 0.02493 0.03780 0.05993 0.04785 0.00518 
201	3	0.00001 0.05102 0.10818 0.19240 0.18301 0.11930 0.04724 0.00515 0.00063 0.02272 0.05047 0.07000 0.07388 0.04649 0.02623 0.00324 
202	3	0.00013 0.04072 0.14954 0.17594 0.10240 0.06233 0.10383 0.00044 0.00090 0.02044 0.05943 0.09241 0.07769 0.06826 0.04392 0.00162 
203	3	0.00007 0.02234 0.19388 0.14044 0.11045 0.08322 0.09422 0.00155 0.00075 0.01564 0.05232 0.08095 0.08092 0.07307 0.04669 0.00348 
204	3	0.00000 0.00303 0.02995 0.09484 0.26787 0.24650 0.08582 0.00258 0.00013 0.00518 0.01795 0.03689 0.06844 0.08395 0.04972 0.00715 
205	3	0.00094 0.18545 0.38700 0.01378 0.00463 0.00312 0.00672 0.00328 0.00342 0.08747 0.12167 0.04364 0.04007 0.03998 0.04091 0.01790 
206	3	0.00002 0.06873 0.57250 0.03720 0.01179 0.00665 0.01238 0.00406 0.00117 0.02314 0.06617 0.05021 0.04520 0.04309 0.04118 0.01650 
207	3	0.00006 0.10237 0.34585 0.06565 0.06421 0.06983 0.02386 0.00026 0.00137 0.05343 0.09506 0.05401 0.05115 0.03790 0.02656 0.00841 
208	3	0.00000 0.00506 0.01832 0.02443 0.04669 0.16589 0.38639 0.01226 0.00001 0.00417 0.01392 0.02904 0.05911 0.10771 0.10442 0.02259 
209	3	0.00000 0.01988 0.04564 0.06472 0.14635 0.15181 0.19642 0.00912 0.00001 0.00853 0.03495 0.05708 0.07565 0.09644 0.07858 0.01481 
210	4	0.00002 0.00676 0.03838 0.06658 0.04397 0.24976 0.33657 0.03264 0.00059 0.00990 0.05226 0.06615 0.03556 0.02832 0.02107 0.01147 
211	4	0.00004 0.00513 0.01251 0.02503 0.16676 0.17373 0.38325 0.01973 0.00073 0.00794 0.01868 0.02694 0.06265 0.05886 0.02582 0.01219 
212	4	0.00000 0.00199 0.00672 0.03297 0.22047 0.09940 0.40519 0.02119 0.00009 0.00350 0.01368 0.03657 0.06910 0.05255 0.02502 0.01155 
213	4	0.00063 0.00274 0.00027 0.03657 0.21484 0.16538 0.11153 0.16141 0.00396 0.01395 0.01305 0.05723 0.12254 0.06425 0.02385 0.00779 
214	4	0.00000 0.00136 0.00345 0.02362 0.08377 0.16797 0.33560 0.04362 0.00039 0.01143 0.03457 0.07249 0.10975 0.07207 0.02894 0.01099 
215	4	0.00000 0.00026 0.00325 0.01821 0.04921 0.16119 0.35702 0.05077 0.00037 0.00978 0.03755 0.09370 0.11910 0.05794 0.02937 0.01228 
216	4	0.00000 0.00060 0.00202 0.00754 0.10009 0.28976 0.33765 0.03152 0.00038 0.00852 0.02599 0.04595 0.06059 0.05084 0.03011 0.00845 
217	4	0.00000 0.00004 0.00003 0.00009 0.00215 0.39312 0.34504 0.06132 0.00016 0.00275 0.00538 0.00953 0.02326 0.07251 0.06410 0.02050 
218	4	0.00000 0.00205 0.01993 0.08662 0.39550 0.26395 0.08112 0.01010 0.00001 0.00118 0.00570 0.01738 0.03789 0.04113 0.02847 0.00896 
219	4	0.00000 0.00065 0.00073 0.00507 0.28042 0.28489 0.12464 0.02752 0.00008 0.00535 0.01931 0.05665 0.10172 0.05057 0.02985 0.01254 
220	4	0.00000 0.00582 0.01370 0.00321 0.04240 0.32937 0.21952 0.06805 0.00050 0.01092 0.02131 0.01522 0.06978 0.10048 0.06790 0.03182 
221	4	0.00000 0.00000 0.00027 0.02701 0.20197 0.12718 0.33543 0.04761 0.00001 0.00062 0.00872 0.06031 0.09112 0.04819 0.03730 0.01425 
222	4	0.00000 0.00324 0.01028 0.04351 0.22648 0.14646 0.21194 0.02833 0.00055 0.00940 0.02564 0.06676 0.10225 0.06247 0.04367 0.01901 
223	4	0.00270 0.03915 0.00887 0.06997 0.08257 0.20064 0.30702 0.08465 0.00267 0.01083 0.00856 0.02558 0.03896 0.05152 0.05014 0.01617 
224	4	0.00000 0.00048 0.00032 0.00755 0.09302 0.22623 0.23310 0.06979 0.00040 0.00540 0.01474 0.04781 0.12914 0.11277 0.04112 0.01813 
225	4	0.00001 0.01987 0.00656 0.01901 0.42582 0.08077 0.11747 0.04862 0.00070 0.00930 0.02058 0.04151 0.07015 0.06035 0.05279 0.02649 
226	4	0.00002 0.00112 0.00637 0.02503 0.13537 0.20921 0.33057 0.01806 0.00080 0.00619 0.02084 0.04498 0.07007 0.06885 0.04486 0.01764 
227	4	0.00000 0.00297 0.00847 0.03470 0.04885 0.15549 0.23713 0.07630 0.00010 0.00761 0.02209 0.06561 0.10492 0.09392 0.10139 0.04045 
228	4	0.00000 0.00114 0.01874 0.04145 0.07770 0.08967 0.18823 0.14739 0.00056 0.01032 0.06538 0.10400 0.12045 0.09284 0.03035 0.01179 
229	4	0.00000 0.00176 0.01018 0.03795 0.04864 0.12409 0.13090 0.09725 0.00094 0.01006 0.04690 0.09758 0.15205 0.16639 0.06067 0.01463 
230	4	0.00000 0.00622 0.02930 0.04019 0.11869 0.18361 0.28051 0.01875 0.00081 0.01223 0.04286 0.05002 0.09182 0.09296 0.02327 0.00875 
231	4	0.00003 0.00176 0.00233 0.02326 0.04487 0.20126 0.22517 0.11910 0.00123 0.00779 0.02443 0.05901 0.05819 0.09996 0.09377 0.03785 
232	4	0.00000 0.00008 0.00017 0.00322 0.06592 0.17409 0.22581 0.14349 0.00036 0.00476 0.01435 0.05541 0.14745 0.12509 0.02562 0.01418 
233	4	0.00007 0.00069 0.00405 0.01704 0.06607 0.15687 0.10562 0.16267 0.00096 0.00665 0.03376 0.08435 0.13570 0.16070 0.05633 0.00847 
234	4	0.00000 0.00214 0.00204 0.04171 0.05625 0.19367 0.09854 0.01660 0.00018 0.00710 0.03202 0.14371 0.18512 0.13442 0.07356 0.01294 
235	4	0.00000 0.00078 0.02177 0.03640 0.02740 0.32453 0.15296 0.00103 0.00069 0.01362 0.06442 0.10272 0.09959 0.09536 0.04926 0.00946 
236	4	0.00000 0.00106 0.01196 0.03007 0.19781 0.17317 0.29815 0.02117 0.00049 0.00675 0.02643 0.04052 0.08227 0.07405 0.02547 0.01062 
237	4	0.00000 0.00110 0.00572 0.02224 0.14615 0.23216 0.34861 0.01697 0.00086 0.00680 0.02085 0.03591 0.07095 0.06257 0.02125 0.00786 
238	4	0.00000 0.11712 0.44080 0.01342 0.02072 0.00638 0.06955 0.00421 0.00008 0.01350 0.04461 0.07085 0.06300 0.04995 0.06577 0.02002 
239	4	0.29153 0.09500 0.03599 0.17246 0.29687 0.00526 0.00252 0.00006 0.01099 0.01320 0.00806 0.02525 0.03123 0.00901 0.00231 0.00025 
240	4	0.00000 0.16469 0.18286 0.24353 0.28141 0.00548 0.00370 0.00000 0.00000 0.00674 0.01136 0.04142 0.04607 0.00953 0.00312 0.00007 
241	4	0.00000 0.01171 0.03112 0.13353 0.22458 0.10572 0.08475 0.00214 0.00009 0.01794 0.05198 0.07859 0.08753 0.08463 0.07542 0.01027 
242	4	0.00000 0.00287 0.01975 0.18360 0.26070 0.09397 0.08915 0.00368 0.00005 0.00691 0.03030 0.06044 0.07347 0.08360 0.07957 0.01194 
243	4	0.00000 0.00025 0.24796 0.14472 0.07960 0.10220 0.12410 0.00107 0.00012 0.00224 0.01698 0.03020 0.05658 0.10452 0.08118 0.00827 
244	4	0.00000 0.00008 0.34174 0.07136 0.18953 0.13057 0.09760 0.00125 0.00008 0.00099 0.01276 0.02314 0.04800 0.05200 0.02737 0.00352 
245	4	0.00000 0.01157 0.09165 0.20693 0.10955 0.06095 0.08630 0.00765 0.00023 0.02337 0.06745 0.08851 0.08739 0.08407 0.06385 0.01050 
246	4	0.00000 0.02153 0.04895 0.24724 0.08707 0.03913 0.06701 0.00188 0.00003 0.03250 0.08491 0.10613 0.09236 0.08841 0.07471 0.00813 
247	4	0.00000 0.00701 0.03076 0.13720 0.32033 0.03452 0.05843 0.00024 0.00005 0.00985 0.04085 0.12992 0.12105 0.05748 0.04695 0.00536 
248	4	0.00000 0.00013 0.01139 0.15539 0.11868 0.01287 0.24541 0.00030 0.00003 0.00334 0.05417 0.12788 0.08101 0.08556 0.09596 0.00788 
249	4	0.00000 0.00492 0.44281 0.04946 0.21352 0.04892 0.03545 0.00007 0.00037 0.01124 0.03252 0.03923 0.05426 0.04247 0.02262 0.00214 
250	4	0.00000 0.01014 0.08509 0.06150 0.00380 0.37176 0.08836 0.02340 0.00021 0.04181 0.11560 0.08080 0.03877 0.03296 0.03144 0.01435 
251	4	0.00000 0.00000 0.07675 0.02951 0.08596 0.32624 0.04796 0.00027 0.00001 0.00282 0.05180 0.10194 0.12580 0.09645 0.05096 0.00355 
252	4	0.00006 0.12831 0.00074 0.00007 0.35053 0.14597 0.16991 0.00050 0.00150 0.01241 0.00600 0.00345 0.03140 0.07401 0.07002 0.00512 
253	4	0.00000 0.00004 0.39689 0.01002 0.13471 0.10385 0.04125 0.00004 0.00004 0.00164 0.02395 0.04365 0.08958 0.10840 0.04547 0.00048 
254	4	0.00000 0.04388 0.00042 0.00250 0.40908 0.15085 0.18759 0.00120 0.00011 0.00438 0.00230 0.00773 0.03922 0.07468 0.06983 0.00621 
255	4	0.00000 0.01155 0.11042 0.00076 0.38529 0.09046 0.19209 0.00066 0.00000 0.01003 0.01748 0.00568 0.03051 0.06838 0.07087 0.00580 
256	4	0.00000 0.00001 0.41926 0.01120 0.09086 0.11053 0.06172 0.00011 0.00003 0.00082 0.02255 0.04132 0.08232 0.10829 0.05025 0.00072 
257	4	0.00000 0.07532 0.13295 0.07457 0.10177 0.26240 0.09270 0.00213 0.00004 0.00910 0.03108 0.04880 0.05560 0.04987 0.05172 0.01196 
258	4	0.00000 0.00027 0.02924 0.03025 0.22759 0.21777 0.03749 0.00040 0.00000 0.00252 0.02550 0.08910 0.14880 0.11887 0.06738 0.00481 
259	4	0.00000 0.00688 0.02093 0.02351 0.15493 0.28942 0.04186 0.00256 0.00003 0.01695 0.05363 0.09316 0.12014 0.09358 0.06936 0.01305 
260	4	0.00000 0.00057 0.01690 0.00976 0.12380 0.34914 0.02482 0.00525 0.00007 0.00860 0.03920 0.08230 0.12652 0.10558 0.08361 0.02388 
261	4	0.00000 0.06792 0.05221 0.01182 0.24410 0.17320 0.03199 0.02272 0.00015 0.05000 0.09802 0.06514 0.07014 0.05942 0.04095 0.01220 
262	4	0.00003 0.03281 0.02580 0.01724 0.07756 0.36790 0.02293 0.00183 0.00043 0.02685 0.05292 0.09086 0.13835 0.09183 0.04446 0.00820 
263	4	0.00000 0.01405 0.04303 0.04922 0.03550 0.39018 0.01128 0.00117 0.00032 0.02307 0.09129 0.13738 0.11222 0.06128 0.02510 0.00489 
264	4	0.00000 0.01167 0.00518 0.00070 0.49614 0.13576 0.15515 0.00521 0.00012 0.00763 0.00747 0.00258 0.02341 0.06045 0.07368 0.01484 
265	4	0.00000 0.00001 0.45934 0.00638 0.11052 0.08485 0.04936 0.00020 0.00002 0.00090 0.02314 0.03877 0.07334 0.10156 0.05085 0.00076 
266	4	0.00000 0.00001 0.18560 0.26844 0.10931 0.12772 0.07015 0.00029 0.00001 0.00035 0.01575 0.03087 0.05962 0.08756 0.04345 0.00087 
267	4	0.00000 0.00001 0.41439 0.00602 0.13731 0.07077 0.06787 0.00057 0.00005 0.00116 0.02224 0.03737 0.07185 0.10276 0.06418 0.00345 
268	4	0.00000 0.00002 0.20130 0.09492 0.08727 0.23739 0.07934 0.00285 0.00002 0.00142 0.03349 0.06400 0.06972 0.06358 0.05397 0.01072 
269	4	0.00000 0.00042 0.27076 0.07007 0.12179 0.17624 0.06519 0.00083 0.00005 0.00347 0.03673 0.06802 0.07199 0.05947 0.04837 0.00658 
270	4	0.00000 0.01556 0.04140 0.09680 0.16225 0.09901 0.10251 0.00425 0.00007 0.02227 0.07274 0.10678 0.09635 0.08666 0.07997 0.01337 
271	4	0.00000 0.02673 0.02809 0.11129 0.15887 0.08142 0.10580 0.00419 0.00093 0.03097 0.07121 0.10522 0.09323 0.08573 0.08195 0.01436 
272	4	0.00000 0.01768 0.03222 0.19410 0.18258 0.04997 0.06943 0.00012 0.00028 0.02588 0.06166 0.09594 0.10075 0.09400 0.07128 0.00410 
273	4	0.00000 0.00156 0.04888 0.13048 0.19520 0.07674 0.10338 0.00330 0.00001 0.01059 0.05735 0.09292 0.09974 0.08765 0.07956 0.01263 
274	4	0.00000 0.26862 0.20567 0.03915 0.09210 0.11685 0.03205 0.00398 0.00004 0.01024 0.02596 0.04594 0.05707 0.04928 0.04065 0.01238 
275	4	0.00000 0.00000 0.10252 0.03420 0.03593 0.40052 0.06889 0.03212 0.00002 0.00073 0.02510 0.03405 0.06123 0.09166 0.07511 0.03791 
276	4	0.00000 0.00283 0.01130 0.00969 0.00520 0.06192 0.74557 0.00000 0.00003 0.00402 0.01257 0.02421 0.02886 0.05101 0.04227 0.00050 
277	4	0.00000 0.00000 0.09733 0.00733 0.14579 0.30457 0.13105 0.00592 0.00000 0.00022 0.00706 0.02234 0.08663 0.09326 0.07613 0.02235 
278	4	0.00000 0.00520 0.12480 0.02610 0.34957 0.05365 0.13857 0.00107 0.00005 0.00487 0.01353 0.04337 0.08858 0.07491 0.06467 0.01107 
279	4	0.00000 0.11868 0.16275 0.00285 0.31329 0.08830 0.04165 0.00201 0.00025 0.04683 0.05223 0.01380 0.05433 0.06797 0.03254 0.00251 
280	5	0.00000 0.00060 0.02317 0.07553 0.06920 0.19463 0.35656 0.05036 0.00005 0.00234 0.03135 0.06582 0.04996 0.04284 0.02949 0.00809 
281	5	0.00031 0.07888 0.14575 0.06999 0.07641 0.08757 0.05032 0.01075 0.00187 0.04855 0.12590 0.11314 0.07152 0.05475 0.04713 0.01717 
282	5	0.00000 0.00232 0.02354 0.10002 0.08211 0.08668 0.14407 0.06219 0.00004 0.00728 0.05014 0.12382 0.13144 0.09586 0.06916 0.02131 
283	5	0.00000 0.01321 0.01365 0.05519 0.12603 0.26202 0.34894 0.00785 0.00006 0.00573 0.01305 0.02401 0.04007 0.05199 0.03409 0.00412 
284	5	0.00040 0.01930 0.04874 0.05666 0.09854 0.19220 0.31564 0.04942 0.00166 0.01061 0.02004 0.02821 0.04312 0.05553 0.04652 0.01339 
285	5	0.00002 0.02175 0.01764 0.02197 0.02329 0.30946 0.33304 0.10229 0.00065 0.01274 0.02447 0.02766 0.02840 0.03283 0.02927 0.01452 
286	5	0.00000 0.02631 0.16984 0.07606 0.02482 0.02410 0.21494 0.14377 0.00030 0.03356 0.10778 0.09254 0.03948 0.01868 0.01768 0.01012 
287	5	0.00000 0.00177 0.02778 0.10875 0.14125 0.14629 0.12035 0.03403 0.00018 0.00462 0.03618 0.09543 0.12938 0.10201 0.04305 0.00893 
288	5	0.00000 0.00036 0.00546 0.01985 0.10207 0.26339 0.19665 0.03477 0.00010 0.00284 0.01480 0.04544 0.10204 0.13366 0.07184 0.00674 
289	5	0.00003 0.00189 0.01411 0.00757 0.09632 0.21092 0.46007 0.06537 0.00018 0.00302 0.00759 0.00700 0.02196 0.04881 0.04499 0.01018 
290	5	0.00001 0.00263 0.01502 0.00868 0.11165 0.24618 0.44012 0.03683 0.00027 0.00377 0.00784 0.00726 0.02507 0.04955 0.03920 0.00589 
291	5	0.00098 0.01280 0.12506 0.21646 0.16059 0.15867 0.09123 0.00783 0.00098 0.00597 0.02435 0.04746 0.06020 0.05562 0.02752 0.00427 
292	5	0.00000 0.00102 0.01520 0.03869 0.07695 0.13107 0.38367 0.14372 0.00003 0.00313 0.01925 0.03561 0.04412 0.04933 0.04430 0.01390 
293	5	0.00073 0.01646 0.09995 0.28622 0.16090 0.12836 0.09990 0.01217 0.00073 0.00439 0.02590 0.04545 0.04812 0.04219 0.02377 0.00475 
294	5	0.00083 0.03887 0.13535 0.15957 0.18115 0.16112 0.10929 0.00672 0.00055 0.00657 0.02400 0.04334 0.05327 0.04999 0.02518 0.00419 
295	5	0.00006 0.00885 0.08475 0.20296 0.21427 0.14512 0.11573 0.01350 0.00067 0.00928 0.03509 0.05802 0.06017 0.03564 0.01352 0.00238 
296	5	0.00000 0.00008 0.00425 0.01500 0.07187 0.38200 0.20850 0.06318 0.00003 0.00071 0.00692 0.02421 0.06036 0.10027 0.05494 0.00765 
