350	5	16
0	1	0.00000 0.00003 0.00334 0.00494 0.12665 0.16045 0.43678 0.02320 0.00012 0.00398 0.01834 0.03159 0.04159 0.07160 0.07047 0.00692 
1	1	0.00000 0.00002 0.00410 0.00034 0.00182 0.00480 0.64597 0.15325 0.00022 0.00427 0.01447 0.01830 0.02982 0.05123 0.06075 0.01063 
2	1	0.00000 0.00000 0.00447 0.00519 0.03282 0.22291 0.38037 0.05250 0.00060 0.00795 0.03276 0.05014 0.06391 0.07756 0.05965 0.00917 
3	1	0.00000 0.00023 0.01569 0.00308 0.00612 0.23282 0.26985 0.06569 0.00003 0.01275 0.06213 0.06950 0.08350 0.09607 0.07093 0.01160 
4	1	0.00000 0.00001 0.07571 0.00607 0.00602 0.07146 0.38207 0.02172 0.00027 0.00935 0.07996 0.07311 0.07082 0.09437 0.09264 0.01641 
5	1	0.00000 0.00000 0.00745 0.00238 0.00802 0.01449 0.48728 0.13244 0.00015 0.00442 0.03645 0.05214 0.06907 0.08928 0.08407 0.01236 
6	1	0.00000 0.00000 0.01121 0.00225 0.00231 0.01347 0.40800 0.19575 0.00010 0.00522 0.03962 0.05179 0.06728 0.09170 0.09235 0.01894 
7	1	0.00000 0.00001 0.01714 0.01860 0.00608 0.01753 0.48110 0.03187 0.00020 0.01212 0.05654 0.07633 0.08310 0.09691 0.08699 0.01547 
8	1	0.00000 0.00039 0.00325 0.01244 0.17873 0.08676 0.16606 0.00401 0.00033 0.01147 0.04273 0.10074 0.16760 0.14403 0.07455 0.00690 
9	1	0.00000 0.00000 0.01567 0.00358 0.01307 0.03258 0.44615 0.05267 0.00015 0.00836 0.05002 0.07027 0.09563 0.11493 0.08691 0.01000 
10	1	0.00000 0.00218 0.00166 0.00894 0.03818 0.15764 0.38079 0.09023 0.00015 0.00461 0.01522 0.04767 0.10026 0.09607 0.04522 0.01117 
11	1	0.00000 0.00005 0.01104 0.00360 0.01424 0.16825 0.35517 0.04380 0.00040 0.01422 0.05055 0.06650 0.09167 0.10888 0.06623 0.00540 
12	1	0.00000 0.00000 0.00938 0.00301 0.01195 0.13100 0.39449 0.06270 0.00029 0.00676 0.03769 0.05657 0.08242 0.10679 0.08040 0.01653 
13	1	0.00000 0.00137 0.00469 0.00366 0.11105 0.32716 0.21170 0.12505 0.00010 0.00547 0.01575 0.02328 0.04780 0.06115 0.04503 0.01673 
14	1	0.00028 0.00886 0.05122 0.20907 0.25414 0.16293 0.02665 0.01065 0.00721 0.03266 0.04558 0.06482 0.06944 0.04261 0.01171 0.00215 
15	1	0.00000 0.00026 0.00910 0.01207 0.05208 0.00618 0.31027 0.24465 0.00046 0.01440 0.05773 0.08460 0.07446 0.04425 0.05907 0.03041 
16	1	0.00000 0.00003 0.00106 0.01099 0.10814 0.00120 0.48369 0.12492 0.00032 0.00435 0.01620 0.07061 0.08479 0.02191 0.04293 0.02886 
17	1	0.00000 0.00101 0.00681 0.00668 0.07200 0.00170 0.29200 0.30791 0.00165 0.02611 0.06012 0.06818 0.04998 0.02333 0.04892 0.03359 
18	1	0.00000 0.00136 0.00401 0.00724 0.12662 0.00130 0.24921 0.25990 0.00382 0.03063 0.06051 0.07470 0.05617 0.02859 0.05776 0.03818 
19	1	0.00000 0.00006 0.00045 0.00548 0.03578 0.03334 0.32517 0.15995 0.00045 0.00516 0.02415 0.07800 0.14871 0.11168 0.05814 0.01347 
20	1	0.00000 0.00030 0.00158 0.01004 0.03404 0.00828 0.06473 0.24000 0.00117 0.01363 0.06072 0.14509 0.19821 0.12695 0.07557 0.01967 
21	1	0.00000 0.01908 0.01128 0.01218 0.02161 0.07717 0.30887 0.01101 0.00230 0.04008 0.07681 0.09260 0.11402 0.12099 0.08000 0.01200 
22	1	0.00000 0.00000 0.00288 0.00324 0.01074 0.02399 0.46302 0.17384 0.00005 0.00185 0.01282 0.03895 0.08951 0.09784 0.06405 0.01720 
23	1	0.00000 0.00030 0.00297 0.01597 0.02468 0.07971 0.39654 0.16333 0.00045 0.00843 0.02530 0.06945 0.08700 0.05819 0.04972 0.01795 
24	1	0.00000 0.00200 0.00214 0.03902 0.00861 0.33300 0.37999 0.01953 0.00059 0.01053 0.02590 0.05777 0.05358 0.04007 0.02351 0.00376 
25	1	0.00004 0.00302 0.00193 0.00104 0.00290 0.17019 0.25651 0.12531 0.01340 0.03484 0.04560 0.05523 0.07302 0.09463 0.09005 0.03229 
26	1	0.00000 0.00020 0.00327 0.00462 0.03458 0.16818 0.40665 0.02177 0.00005 0.00473 0.01830 0.05324 0.11920 0.11340 0.04558 0.00622 
27	1	0.00000 0.00073 0.00473 0.00395 0.05833 0.24580 0.20511 0.08388 0.00516 0.02626 0.05967 0.06954 0.08670 0.07586 0.05299 0.02129 
28	1	0.00000 0.00000 0.00153 0.00243 0.00696 0.05027 0.64253 0.00888 0.00022 0.00317 0.01483 0.03017 0.06612 0.09935 0.06648 0.00705 
29	1	0.00000 0.00000 0.00119 0.00275 0.01413 0.07879 0.62294 0.00369 0.00017 0.00235 0.01120 0.02640 0.07605 0.10770 0.04890 0.00372 
30	1	0.00000 0.00000 0.00287 0.00645 0.00570 0.05564 0.22682 0.39616 0.00006 0.00101 0.01213 0.03019 0.04990 0.08992 0.09030 0.03285 
31	1	0.00000 0.00001 0.00217 0.00522 0.00415 0.06030 0.20462 0.47770 0.00002 0.00096 0.00961 0.02329 0.03842 0.07387 0.07169 0.02795 
32	1	0.00000 0.00002 0.00680 0.00778 0.04007 0.00240 0.56737 0.09527 0.00022 0.00376 0.02237 0.05197 0.06842 0.04766 0.06349 0.02240 
33	1	0.00000 0.00056 0.01036 0.02542 0.05496 0.08115 0.24705 0.04402 0.00008 0.01815 0.08417 0.16455 0.16684 0.06984 0.02529 0.00755 
34	1	0.00000 0.00013 0.00672 0.02299 0.03439 0.17629 0.43685 0.01868 0.00017 0.00572 0.04065 0.08604 0.08786 0.05592 0.02331 0.00427 
35	1	0.00000 0.00159 0.00064 0.00211 0.01852 0.16923 0.29320 0.16931 0.00088 0.00908 0.01680 0.03265 0.08738 0.11856 0.06268 0.01736 
36	1	0.00000 0.00059 0.00148 0.00139 0.00654 0.19579 0.26319 0.22937 0.00069 0.00700 0.01543 0.02788 0.06464 0.09778 0.06588 0.02236 
37	1	0.00002 0.07381 0.00691 0.09266 0.08310 0.03127 0.33396 0.01030 0.01293 0.07007 0.06303 0.05143 0.04560 0.04620 0.05956 0.01915 
38	1	0.00000 0.00110 0.00814 0.00342 0.00845 0.08032 0.38380 0.00677 0.00059 0.01340 0.03873 0.06371 0.10640 0.15221 0.11713 0.01581 
39	1	0.00000 0.00216 0.01747 0.00833 0.03307 0.08843 0.18088 0.00198 0.00108 0.02910 0.07814 0.12958 0.19041 0.16480 0.06971 0.00485 
40	1	0.00000 0.00012 0.00715 0.00333 0.03758 0.13065 0.36652 0.01977 0.00006 0.00488 0.02267 0.05734 0.14274 0.14538 0.05517 0.00662 
41	1	0.00000 0.00010 0.00214 0.00715 0.05749 0.09163 0.43674 0.02072 0.00021 0.00403 0.01777 0.06755 0.14731 0.10458 0.03641 0.00616 
42	1	0.00000 0.00007 0.00153 0.02006 0.03956 0.27182 0.37605 0.01350 0.00027 0.00245 0.02081 0.06891 0.09196 0.05957 0.02731 0.00613 
43	1	0.00000 0.00004 0.00575 0.00027 0.00346 0.02473 0.51062 0.13911 0.00057 0.00928 0.02448 0.02547 0.04040 0.10045 0.10686 0.00850 
44	1	0.00000 0.00002 0.00093 0.00012 0.00156 0.05120 0.54142 0.07743 0.00015 0.00341 0.00805 0.01055 0.01861 0.12723 0.15299 0.00632 
45	1	0.00000 0.00006 0.10991 0.01465 0.00395 0.06254 0.27239 0.02342 0.00032 0.01440 0.10920 0.08905 0.07126 0.08510 0.10524 0.03850 
46	1	0.00000 0.00000 0.00488 0.00470 0.02418 0.22770 0.48258 0.01603 0.00018 0.00602 0.02972 0.04701 0.05586 0.05783 0.03865 0.00466 
47	1	0.00000 0.00000 0.00243 0.00289 0.02246 0.32401 0.42252 0.03687 0.00005 0.00181 0.01622 0.02984 0.04202 0.05227 0.03912 0.00749 
48	1	0.00000 0.00015 0.00555 0.00310 0.02876 0.25627 0.20015 0.10615 0.00367 0.02280 0.05682 0.06774 0.08878 0.08372 0.05357 0.02277 
49	1	0.00000 0.00000 0.00113 0.00255 0.04751 0.32743 0.37891 0.04840 0.00009 0.00221 0.01138 0.02114 0.03060 0.06093 0.05933 0.00837 
50	1	0.00000 0.00000 0.00093 0.00188 0.01188 0.34763 0.41154 0.04038 0.00006 0.00205 0.01093 0.02355 0.03929 0.05757 0.04534 0.00697 
51	1	0.00000 0.00008 0.00533 0.00282 0.01305 0.01296 0.39404 0.28560 0.00035 0.00733 0.02712 0.03872 0.05623 0.07449 0.07158 0.01027 
52	1	0.00000 0.00000 0.00626 0.00118 0.00177 0.01384 0.54955 0.12734 0.00023 0.00622 0.02798 0.03644 0.04957 0.08241 0.08773 0.00946 
53	1	0.00000 0.00398 0.00130 0.00491 0.00152 0.11531 0.50097 0.07933 0.00220 0.01268 0.02338 0.03239 0.04799 0.08702 0.07632 0.01069 
54	1	0.00000 0.00004 0.00407 0.00585 0.00038 0.00782 0.69316 0.05205 0.00115 0.00746 0.01800 0.02184 0.02944 0.05648 0.08360 0.01865 
55	1	0.00000 0.00250 0.00263 0.00000 0.00000 0.26145 0.58287 0.01597 0.00036 0.02518 0.02347 0.00781 0.00902 0.03118 0.03468 0.00288 
56	1	0.00000 0.00323 0.00213 0.00000 0.00000 0.00000 0.81609 0.05951 0.00037 0.02654 0.02145 0.00734 0.00801 0.01165 0.03493 0.00875 
57	1	0.00000 0.00052 0.00247 0.13941 0.00160 0.03134 0.58339 0.01362 0.00217 0.01336 0.04044 0.09475 0.02992 0.01353 0.02632 0.00715 
58	1	0.00000 0.00081 0.00330 0.05988 0.02110 0.00209 0.48712 0.05757 0.00245 0.02188 0.04907 0.14000 0.09078 0.01457 0.03534 0.01404 
59	1	0.00000 0.00487 0.00232 0.00443 0.06810 0.19678 0.26563 0.04144 0.01248 0.03309 0.05076 0.06499 0.08492 0.09731 0.06001 0.01286 
60	1	0.00000 0.00064 0.00848 0.01241 0.11497 0.00144 0.42733 0.05016 0.00200 0.02526 0.06342 0.10908 0.10439 0.02339 0.03895 0.01807 
61	1	0.00000 0.00120 0.00286 0.04770 0.02679 0.00064 0.46792 0.06227 0.00288 0.02253 0.04440 0.13574 0.09972 0.01641 0.04236 0.02659 
62	1	0.00000 0.00001 0.00094 0.06018 0.31562 0.27332 0.23168 0.02116 0.00008 0.00092 0.00740 0.02154 0.02281 0.01729 0.01808 0.00895 
63	1	0.00000 0.00005 0.00097 0.08137 0.21270 0.27000 0.28895 0.02862 0.00044 0.00243 0.01028 0.02910 0.02211 0.01747 0.02385 0.01165 
64	1	0.00000 0.00063 0.09585 0.10126 0.00183 0.00202 0.31510 0.00270 0.00032 0.02115 0.19172 0.18127 0.03174 0.02795 0.02363 0.00282 
65	1	0.00000 0.01578 0.20396 0.00418 0.00066 0.02044 0.40300 0.00690 0.00275 0.09273 0.15607 0.03790 0.01730 0.01907 0.01685 0.00241 
66	1	0.00000 0.02548 0.12356 0.00179 0.00180 0.32610 0.22040 0.00248 0.00217 0.07928 0.10648 0.02237 0.01679 0.03827 0.03099 0.00202 
67	1	0.00000 0.00370 0.03506 0.06640 0.00920 0.00227 0.21525 0.14450 0.00024 0.02795 0.15524 0.18782 0.07308 0.02880 0.03444 0.01607 
68	1	0.00000 0.00000 0.00592 0.00692 0.00830 0.24047 0.27021 0.06139 0.00007 0.00216 0.03755 0.07176 0.08757 0.10300 0.08125 0.02340 
69	1	0.00000 0.00000 0.00524 0.00652 0.01285 0.23715 0.39076 0.06910 0.00009 0.00335 0.02967 0.05177 0.06280 0.06538 0.05174 0.01358 
70	2	0.00004 0.03089 0.03515 0.06358 0.20232 0.02443 0.05107 0.00085 0.00717 0.05941 0.08709 0.10226 0.15656 0.10646 0.06127 0.01146 
71	2	0.00002 0.05615 0.03531 0.01559 0.23430 0.03444 0.05145 0.00239 0.00963 0.07562 0.10070 0.07375 0.12786 0.10855 0.05990 0.01436 
72	2	0.00002 0.04397 0.03722 0.04896 0.18467 0.03070 0.07933 0.00058 0.00701 0.05924 0.09225 0.10903 0.13973 0.09718 0.06252 0.00757 
73	2	0.00052 0.05107 0.02562 0.16028 0.03804 0.03647 0.05910 0.00083 0.01405 0.07080 0.09936 0.15161 0.13146 0.09383 0.05717 0.00980 
74	2	0.00060 0.06261 0.02347 0.04352 0.12953 0.02769 0.12169 0.00017 0.01590 0.08240 0.08607 0.11951 0.15462 0.07614 0.05069 0.00538 
75	2	0.00000 0.00143 0.00330 0.02287 0.28898 0.14532 0.00276 0.00125 0.00002 0.00261 0.01207 0.09501 0.27373 0.13682 0.01055 0.00327 
76	2	0.00000 0.00010 0.00350 0.01985 0.15174 0.29815 0.05169 0.00675 0.00002 0.00060 0.00729 0.03994 0.15476 0.18267 0.07490 0.00805 
77	2	0.00000 0.00000 0.00161 0.02795 0.31367 0.37008 0.07119 0.00197 0.00011 0.00050 0.00346 0.01549 0.08263 0.08528 0.02201 0.00404 
78	2	0.00023 0.02566 0.03401 0.04699 0.03560 0.51097 0.04962 0.01312 0.00152 0.01993 0.05389 0.05865 0.03427 0.05705 0.04562 0.01286 
79	2	0.00000 0.01906 0.02978 0.02185 0.08268 0.52502 0.03647 0.00485 0.00037 0.02139 0.05981 0.06102 0.04403 0.05306 0.03365 0.00695 
80	2	0.00000 0.00222 0.02271 0.02149 0.00642 0.41566 0.00116 0.00047 0.00079 0.01732 0.08948 0.14132 0.13100 0.10275 0.03964 0.00755 
81	2	0.00000 0.00247 0.01107 0.01180 0.02727 0.20970 0.45807 0.06826 0.00006 0.00306 0.01032 0.02078 0.03097 0.06692 0.06514 0.01410 
82	2	0.00066 0.00238 0.04615 0.09900 0.35164 0.06804 0.06412 0.04732 0.00592 0.01262 0.02707 0.05039 0.08944 0.07704 0.03812 0.02007 
83	2	0.00000 0.00165 0.05516 0.13036 0.31601 0.05682 0.15364 0.03918 0.00015 0.00444 0.02197 0.04244 0.05485 0.05303 0.04747 0.02283 
84	2	0.00000 0.00000 0.00707 0.18258 0.56042 0.01338 0.04624 0.02116 0.00001 0.00019 0.00534 0.04278 0.06298 0.02731 0.02138 0.00916 
85	2	0.00060 0.01855 0.16443 0.34065 0.04887 0.03358 0.06094 0.02072 0.00132 0.01073 0.04099 0.09816 0.08483 0.03819 0.02564 0.01179 
86	2	0.00089 0.00683 0.02596 0.07235 0.38300 0.07791 0.11499 0.01322 0.00605 0.01547 0.02701 0.04603 0.08221 0.07607 0.03972 0.01230 
87	2	0.00000 0.00080 0.04252 0.10464 0.30556 0.06804 0.13446 0.00897 0.00053 0.00662 0.04266 0.07505 0.09129 0.07331 0.03602 0.00951 
88	2	0.00001 0.00182 0.05839 0.12870 0.35090 0.07234 0.09675 0.00518 0.00052 0.00489 0.03104 0.06208 0.07933 0.06473 0.03582 0.00748 
89	2	0.00000 0.02972 0.17180 0.02840 0.11222 0.38276 0.01329 0.00177 0.00020 0.02090 0.06233 0.04243 0.04571 0.06194 0.02130 0.00522 
90	2	0.00000 0.00322 0.04058 0.09417 0.17445 0.43091 0.02227 0.00700 0.00002 0.00274 0.01626 0.02942 0.05995 0.08154 0.03301 0.00445 
91	2	0.00000 0.00001 0.00006 0.00025 0.00094 0.83273 0.00225 0.00005 0.00002 0.00104 0.00310 0.01207 0.03363 0.06879 0.04005 0.00501 
92	2	0.00000 0.00120 0.04553 0.03749 0.30871 0.18240 0.10743 0.00107 0.00004 0.00646 0.03844 0.05848 0.08631 0.08611 0.03824 0.00208 
93	2	0.00000 0.00011 0.02097 0.18037 0.09341 0.19248 0.01648 0.00003 0.00001 0.00071 0.02843 0.11282 0.17050 0.14638 0.03644 0.00084 
94	2	0.00000 0.00127 0.08113 0.04680 0.12521 0.14373 0.04198 0.00006 0.00005 0.01538 0.10333 0.14105 0.15621 0.10952 0.03372 0.00055 
95	2	0.00000 0.00012 0.03055 0.11839 0.09825 0.31178 0.01363 0.00015 0.00001 0.00135 0.03901 0.11001 0.14287 0.11507 0.01825 0.00055 
96	2	0.00000 0.00001 0.10624 0.05217 0.11015 0.17783 0.11877 0.00011 0.00005 0.00253 0.04760 0.08920 0.11984 0.12270 0.05221 0.00058 
97	2	0.00000 0.00045 0.05376 0.12957 0.21250 0.10253 0.03851 0.00055 0.00005 0.00137 0.05205 0.12713 0.14943 0.10259 0.02846 0.00105 
98	2	0.00000 0.00004 0.08166 0.07592 0.16725 0.22756 0.07619 0.00024 0.00001 0.00085 0.03409 0.07107 0.09986 0.11159 0.05286 0.00082 
99	2	0.00000 0.00023 0.00069 0.33429 0.06461 0.23635 0.07370 0.00075 0.00002 0.00100 0.00172 0.03270 0.08601 0.11624 0.04995 0.00174 
100	2	0.00000 0.00040 0.19814 0.01513 0.21736 0.18220 0.05941 0.00005 0.00027 0.00138 0.02234 0.03111 0.10676 0.12416 0.04091 0.00036 
101	2	0.00000 0.00041 0.00102 0.21564 0.06281 0.30758 0.15437 0.00181 0.00007 0.00108 0.00547 0.02060 0.07425 0.11249 0.03962 0.00277 
102	2	0.00000 0.00043 0.00698 0.00552 0.17775 0.21987 0.00113 0.00012 0.00018 0.00994 0.05060 0.10984 0.19814 0.16392 0.04927 0.00628 
103	2	0.00000 0.00647 0.04075 0.15440 0.12492 0.18721 0.01533 0.00000 0.00047 0.01224 0.07054 0.14121 0.13915 0.08685 0.02042 0.00004 
104	2	0.00000 0.01663 0.06136 0.19061 0.17807 0.11494 0.00126 0.00000 0.00011 0.01930 0.08197 0.12235 0.13234 0.07822 0.00280 0.00003 
105	2	0.00050 0.22757 0.05030 0.08885 0.07961 0.06965 0.04379 0.00039 0.00262 0.03244 0.09278 0.13300 0.09670 0.05688 0.02380 0.00113 
106	2	0.00000 0.00067 0.04015 0.12296 0.13785 0.14201 0.02756 0.00077 0.00000 0.00482 0.08575 0.19520 0.15116 0.06359 0.02623 0.00128 
107	2	0.00000 0.00124 0.05815 0.10797 0.14108 0.29013 0.00926 0.00000 0.00003 0.00727 0.05572 0.10469 0.12641 0.08506 0.01296 0.00002 
108	2	0.00000 0.09027 0.07054 0.03663 0.17974 0.11020 0.05791 0.00025 0.00003 0.04062 0.07430 0.08973 0.12871 0.08673 0.03312 0.00122 
109	2	0.00000 0.03558 0.18111 0.02280 0.06749 0.13972 0.05987 0.00073 0.00001 0.04056 0.08461 0.07698 0.11488 0.12062 0.05325 0.00179 
110	2	0.00000 0.00028 0.00125 0.12259 0.11017 0.22963 0.15992 0.00039 0.00003 0.00109 0.00311 0.04423 0.12676 0.14440 0.05509 0.00105 
111	2	0.00000 0.01109 0.00755 0.06942 0.08182 0.18754 0.03314 0.00058 0.00086 0.00616 0.01860 0.09595 0.20262 0.21247 0.06771 0.00448 
112	2	0.00000 0.00048 0.02521 0.04687 0.35535 0.20101 0.09613 0.00075 0.00005 0.00310 0.03283 0.05595 0.07119 0.07783 0.03096 0.00227 
113	2	0.00000 0.00020 0.00207 0.00682 0.44277 0.03054 0.00112 0.00020 0.00007 0.00718 0.03282 0.09650 0.18740 0.14545 0.04124 0.00561 
114	2	0.00000 0.00061 0.00888 0.03339 0.01718 0.24532 0.00112 0.00017 0.00013 0.01055 0.06623 0.17455 0.20947 0.16763 0.05585 0.00891 
115	2	0.00000 0.00005 0.01672 0.06002 0.01430 0.19263 0.00080 0.00002 0.00025 0.01088 0.09526 0.22517 0.20075 0.13808 0.04033 0.00476 
116	2	0.00010 0.01125 0.01067 0.07248 0.07520 0.17862 0.00191 0.00005 0.00678 0.02282 0.05474 0.16408 0.21135 0.14089 0.04454 0.00453 
117	2	0.00016 0.02087 0.05014 0.02340 0.19648 0.23166 0.07575 0.00410 0.00434 0.03345 0.05913 0.04131 0.09533 0.11029 0.04585 0.00772 
118	2	0.00000 0.00001 0.00002 0.01342 0.22891 0.32969 0.22805 0.00040 0.00009 0.00038 0.00132 0.02460 0.07607 0.07032 0.02506 0.00166 
119	2	0.00000 0.00002 0.03242 0.08283 0.08814 0.44752 0.13148 0.00340 0.00001 0.00349 0.05271 0.06364 0.01358 0.04117 0.03613 0.00345 
120	2	0.00000 0.00002 0.02333 0.01743 0.04649 0.59457 0.05902 0.00028 0.00002 0.00314 0.04105 0.07001 0.06155 0.05991 0.02212 0.00105 
121	2	0.00000 0.00082 0.01503 0.00816 0.12043 0.56997 0.04868 0.00101 0.00003 0.00705 0.03629 0.05417 0.06070 0.05590 0.02000 0.00174 
122	2	0.00000 0.00504 0.01527 0.07376 0.17337 0.02358 0.28228 0.00225 0.00005 0.00878 0.02691 0.11267 0.15804 0.06997 0.04074 0.00727 
123	2	0.00000 0.00029 0.00073 0.00083 0.21271 0.52594 0.00041 0.00002 0.00014 0.00265 0.00932 0.03014 0.09829 0.09488 0.02108 0.00257 
124	2	0.00000 0.00024 0.02016 0.18838 0.10406 0.09442 0.15460 0.00157 0.00005 0.00214 0.02721 0.13454 0.13232 0.07791 0.05444 0.00796 
125	2	0.00000 0.03605 0.03400 0.24362 0.07207 0.04470 0.08209 0.00109 0.00039 0.01120 0.07035 0.17331 0.11886 0.06425 0.04205 0.00597 
126	2	0.00000 0.00012 0.00291 0.04515 0.03700 0.24527 0.01214 0.00027 0.00008 0.00281 0.03913 0.13495 0.18027 0.18965 0.10024 0.01001 
127	2	0.00000 0.00017 0.00834 0.01519 0.07540 0.19001 0.00087 0.00006 0.00010 0.00858 0.07366 0.17090 0.22097 0.18447 0.04648 0.00480 
128	2	0.00000 0.00004 0.00134 0.08623 0.01952 0.42940 0.27658 0.00016 0.00007 0.00056 0.01310 0.05602 0.04602 0.04270 0.02615 0.00211 
129	2	0.00000 0.00003 0.00127 0.10557 0.01983 0.37675 0.26675 0.00082 0.00008 0.00134 0.02120 0.08666 0.05403 0.03852 0.02417 0.00296 
130	2	0.00000 0.00000 0.00589 0.03130 0.00772 0.57456 0.10898 0.00004 0.00002 0.00147 0.04172 0.07845 0.05124 0.06220 0.03461 0.00181 
131	2	0.00000 0.00030 0.00239 0.00947 0.01851 0.27232 0.00730 0.00010 0.00008 0.00494 0.04273 0.11838 0.17412 0.22446 0.11528 0.00962 
132	2	0.00000 0.00057 0.00356 0.05431 0.04585 0.02743 0.28545 0.00388 0.00037 0.00216 0.03135 0.08873 0.14818 0.16582 0.12192 0.02041 
133	2	0.00000 0.00000 0.00750 0.01678 0.02252 0.17498 0.00125 0.00005 0.00004 0.00703 0.07305 0.17336 0.22293 0.21692 0.07468 0.00891 
134	2	0.00000 0.00217 0.05458 0.01718 0.06023 0.55222 0.02022 0.00012 0.00007 0.01473 0.05970 0.06784 0.05875 0.06099 0.02885 0.00233 
135	2	0.00000 0.00103 0.03807 0.13940 0.38270 0.08689 0.05025 0.00755 0.00064 0.01131 0.03182 0.05696 0.09170 0.07393 0.02485 0.00291 
136	2	0.00000 0.00547 0.04998 0.15991 0.28022 0.10475 0.05759 0.02586 0.00100 0.01672 0.04172 0.04285 0.08343 0.07843 0.03725 0.01481 
137	2	0.00000 0.00075 0.06149 0.05339 0.01405 0.49308 0.00147 0.00006 0.00010 0.00756 0.07102 0.11807 0.08628 0.06667 0.02315 0.00285 
138	2	0.00063 0.08091 0.01220 0.08332 0.03807 0.11747 0.05723 0.00009 0.01321 0.04127 0.06673 0.14634 0.16260 0.12240 0.05383 0.00370 
139	2	0.00016 0.07645 0.01083 0.06669 0.06601 0.02640 0.02365 0.00040 0.01064 0.04406 0.06545 0.15758 0.21543 0.15931 0.07007 0.00687 
140	3	0.00002 0.04065 0.21073 0.12014 0.06308 0.09574 0.06850 0.00955 0.00067 0.03568 0.10901 0.10172 0.06022 0.05299 0.02766 0.00363 
141	3	0.00000 0.02132 0.10454 0.11163 0.14169 0.10946 0.08816 0.03372 0.00094 0.02135 0.05904 0.08308 0.08237 0.07552 0.05123 0.01594 
142	3	0.00000 0.10204 0.26373 0.05965 0.06137 0.06234 0.06453 0.00991 0.00049 0.05205 0.10615 0.07225 0.06194 0.05570 0.02497 0.00286 
143	3	0.00004 0.07710 0.11357 0.10799 0.09062 0.07734 0.05763 0.00455 0.00365 0.04247 0.09932 0.11908 0.10281 0.07390 0.02804 0.00187 
144	3	0.00000 0.01325 0.07070 0.01110 0.01261 0.01987 0.03057 0.00012 0.00715 0.09874 0.16612 0.14763 0.17117 0.17202 0.07517 0.00377 
145	3	0.00000 0.00082 0.01584 0.02549 0.06394 0.07856 0.00891 0.00008 0.00075 0.01463 0.07142 0.16136 0.25730 0.22794 0.06956 0.00339 
146	3	0.00000 0.00148 0.02264 0.01357 0.01740 0.02131 0.04918 0.00249 0.00138 0.03484 0.10814 0.16284 0.23532 0.22127 0.10113 0.00700 
147	3	0.00000 0.03363 0.10986 0.07679 0.06544 0.05634 0.05001 0.01235 0.00343 0.04825 0.12268 0.13842 0.11235 0.09586 0.06170 0.01290 
148	3	0.00000 0.02299 0.07559 0.06277 0.09170 0.09451 0.08647 0.03509 0.00217 0.04166 0.09117 0.08861 0.10594 0.11302 0.07023 0.01808 
149	3	0.00000 0.00376 0.01947 0.06422 0.08855 0.04272 0.08035 0.10911 0.00044 0.01577 0.04305 0.08219 0.09958 0.09672 0.15400 0.10006 
150	3	0.00077 0.01174 0.01735 0.03677 0.03332 0.03131 0.17990 0.08420 0.00947 0.03444 0.05892 0.07761 0.09430 0.10347 0.15820 0.06824 
151	3	0.00053 0.00805 0.01676 0.03995 0.05002 0.05314 0.16512 0.10691 0.00833 0.02885 0.05115 0.07507 0.08510 0.08482 0.14665 0.07955 
152	3	0.00000 0.00241 0.01953 0.14794 0.09525 0.05140 0.11167 0.14747 0.00103 0.00688 0.03120 0.07341 0.09033 0.08412 0.09154 0.04580 
153	3	0.00000 0.05645 0.18686 0.05199 0.05989 0.05339 0.04174 0.01727 0.00200 0.03972 0.07831 0.09745 0.12150 0.10758 0.06627 0.01958 
154	3	0.00007 0.02155 0.07749 0.09763 0.07830 0.06310 0.05852 0.02628 0.00182 0.02628 0.09444 0.13570 0.13054 0.10724 0.06398 0.01707 
155	3	0.03591 0.14560 0.11787 0.10504 0.10944 0.07691 0.00594 0.00004 0.00463 0.01368 0.03017 0.08014 0.13377 0.10708 0.03136 0.00241 
156	3	0.00004 0.10102 0.25859 0.11657 0.05551 0.05454 0.01470 0.00079 0.00026 0.01465 0.02605 0.07850 0.12067 0.10168 0.05225 0.00418 
157	3	0.01024 0.19343 0.14245 0.03467 0.07973 0.09424 0.02390 0.00028 0.01805 0.03572 0.01501 0.01942 0.11742 0.15172 0.05954 0.00418 
158	3	0.00000 0.00182 0.12279 0.08263 0.16329 0.08965 0.00278 0.00000 0.00067 0.00367 0.01302 0.11648 0.24302 0.13773 0.02207 0.00037 
159	3	0.00033 0.00307 0.30796 0.07572 0.15683 0.02140 0.00330 0.00000 0.00329 0.00618 0.01246 0.10037 0.19304 0.08869 0.02592 0.00143 
160	3	0.02806 0.05163 0.00490 0.17304 0.19525 0.00887 0.00028 0.00000 0.00451 0.00636 0.02271 0.19320 0.23244 0.06495 0.01277 0.00101 
161	3	0.00222 0.01049 0.70459 0.06462 0.01089 0.00693 0.00169 0.00014 0.00355 0.00901 0.04140 0.06057 0.04382 0.02977 0.00972 0.00058 
162	3	0.03477 0.04652 0.03499 0.12868 0.12365 0.00754 0.00001 0.00000 0.00524 0.01383 0.08310 0.27861 0.22658 0.01565 0.00077 0.00005 
163	3	0.00036 0.00029 0.38195 0.10285 0.09784 0.02194 0.00147 0.00047 0.00317 0.00401 0.02244 0.07667 0.16676 0.09975 0.01888 0.00115 
164	3	0.01994 0.29683 0.08680 0.04217 0.05251 0.00756 0.00136 0.00052 0.01721 0.03520 0.03771 0.13840 0.17580 0.06974 0.01717 0.00107 
165	3	0.00000 0.01597 0.26218 0.08099 0.07484 0.01072 0.05560 0.00130 0.00018 0.01844 0.09720 0.11762 0.11284 0.07879 0.06457 0.00875 
166	3	0.00000 0.00015 0.31202 0.22412 0.00550 0.03117 0.01297 0.00009 0.00019 0.00855 0.11964 0.11907 0.05728 0.07490 0.03412 0.00024 
167	3	0.00000 0.04490 0.31492 0.10074 0.01142 0.02096 0.04184 0.00005 0.00149 0.04099 0.16799 0.11711 0.04620 0.05438 0.03650 0.00050 
168	3	0.00000 0.00491 0.39529 0.10192 0.03043 0.08604 0.02811 0.00001 0.00004 0.00305 0.07667 0.07825 0.04110 0.09539 0.05836 0.00043 
169	3	0.00000 0.02323 0.40442 0.22659 0.04036 0.03698 0.00671 0.00000 0.00024 0.01983 0.04191 0.05088 0.05831 0.06122 0.02872 0.00060 
170	3	0.00000 0.00009 0.06693 0.21730 0.10972 0.02770 0.03421 0.00125 0.00005 0.00276 0.06782 0.16038 0.15373 0.09649 0.05460 0.00697 
171	3	0.00000 0.01557 0.03820 0.02760 0.02962 0.24848 0.02077 0.00155 0.00365 0.04735 0.10837 0.11862 0.11249 0.14475 0.07144 0.01154 
172	3	0.00002 0.00792 0.04706 0.02816 0.03323 0.31460 0.00627 0.00339 0.00195 0.03462 0.11243 0.12829 0.12037 0.11382 0.03636 0.01149 
173	3	0.00155 0.00687 0.03806 0.24020 0.24747 0.08456 0.01147 0.00017 0.00465 0.01394 0.04565 0.11822 0.11771 0.05567 0.01333 0.00047 
174	3	0.00000 0.00008 0.34566 0.03955 0.04606 0.01417 0.03337 0.00462 0.00376 0.02350 0.09428 0.10678 0.11080 0.08532 0.07084 0.02121 
175	3	0.00000 0.00002 0.24575 0.06325 0.16145 0.06633 0.04885 0.01003 0.00030 0.00502 0.05402 0.08941 0.11170 0.08826 0.04584 0.00977 
176	3	0.00000 0.00010 0.26061 0.03790 0.08297 0.02814 0.03807 0.00550 0.00132 0.02065 0.09069 0.11445 0.14243 0.10198 0.06149 0.01369 
177	3	0.00000 0.00000 0.18060 0.23512 0.09819 0.02768 0.03318 0.01452 0.00037 0.00412 0.05051 0.09008 0.09241 0.08208 0.06603 0.02511 
178	3	0.00141 0.16628 0.18961 0.06238 0.04449 0.05617 0.00139 0.00032 0.00890 0.10887 0.15021 0.08328 0.06850 0.04503 0.01131 0.00183 
179	3	0.00010 0.10737 0.16338 0.04304 0.04682 0.07888 0.00291 0.00018 0.01171 0.11595 0.15585 0.09383 0.09505 0.06840 0.01507 0.00145 
180	3	0.00016 0.10142 0.16660 0.05550 0.09465 0.06232 0.00076 0.00000 0.01144 0.09866 0.13506 0.09680 0.11148 0.05624 0.00765 0.00124 
181	3	0.00089 0.17337 0.13817 0.07923 0.11116 0.01197 0.00004 0.00001 0.01657 0.09871 0.11183 0.10696 0.11098 0.03436 0.00466 0.00108 
182	3	0.00000 0.06702 0.04585 0.01817 0.06081 0.02725 0.03048 0.00867 0.00367 0.04552 0.11243 0.15706 0.15951 0.12703 0.09942 0.03709 
183	3	0.00388 0.22593 0.19257 0.09067 0.09347 0.03279 0.00581 0.00267 0.00451 0.05085 0.08596 0.08709 0.08257 0.03278 0.00711 0.00134 
184	3	0.00000 0.00274 0.10219 0.12877 0.14914 0.14747 0.03732 0.00048 0.00048 0.01776 0.06716 0.09952 0.11408 0.09695 0.03426 0.00166 
185	3	0.00000 0.00001 0.02333 0.09948 0.16100 0.17826 0.06761 0.00220 0.00001 0.00220 0.03713 0.09409 0.13242 0.13467 0.06175 0.00582 
186	3	0.00000 0.01179 0.14717 0.05602 0.02653 0.00632 0.00932 0.00412 0.00060 0.04332 0.14484 0.17496 0.17509 0.10665 0.07150 0.02177 
187	3	0.00000 0.01067 0.14593 0.07066 0.02652 0.00602 0.01033 0.00547 0.00049 0.04218 0.14973 0.19143 0.17210 0.09063 0.06223 0.01558 
188	3	0.00000 0.02151 0.09774 0.03977 0.01482 0.00535 0.01410 0.04790 0.00118 0.05292 0.13947 0.15851 0.15805 0.11840 0.09686 0.03340 
189	3	0.00000 0.00584 0.10907 0.08722 0.07116 0.12617 0.01576 0.00423 0.00070 0.03540 0.15814 0.15078 0.10847 0.08755 0.03490 0.00460 
190	3	0.00000 0.00970 0.09319 0.04285 0.00905 0.00797 0.00780 0.03072 0.00081 0.08265 0.24378 0.20061 0.10435 0.07407 0.06070 0.03176 
191	3	0.00000 0.00788 0.03326 0.02501 0.02642 0.00692 0.00935 0.08431 0.00037 0.03940 0.12540 0.17651 0.18180 0.13982 0.09795 0.04561 
192	3	0.00000 0.00857 0.03522 0.02978 0.03551 0.00241 0.02249 0.08025 0.00014 0.03864 0.14352 0.20687 0.18022 0.10697 0.07355 0.03586 
193	3	0.00004 0.01116 0.01929 0.00816 0.00597 0.00816 0.00508 0.01204 0.00703 0.06617 0.14160 0.18127 0.19825 0.18174 0.11548 0.03854 
194	3	0.00000 0.03817 0.38678 0.17553 0.04343 0.01205 0.01629 0.04340 0.00085 0.02775 0.08231 0.07150 0.04438 0.03432 0.01965 0.00356 
195	3	0.00015 0.14667 0.31701 0.08519 0.02556 0.01587 0.01404 0.10098 0.00202 0.05067 0.08053 0.05547 0.04782 0.03619 0.01520 0.00662 
196	3	0.00001 0.05816 0.33237 0.06830 0.01684 0.02265 0.02403 0.17607 0.00052 0.02660 0.06847 0.06694 0.05915 0.04937 0.02100 0.00951 
197	3	0.00001 0.00929 0.31597 0.14104 0.12130 0.00322 0.00031 0.00012 0.00040 0.02964 0.14177 0.12552 0.07559 0.03037 0.00500 0.00046 
198	3	0.00000 0.03962 0.21515 0.18543 0.11653 0.00343 0.00068 0.00003 0.00214 0.04723 0.15232 0.13297 0.07138 0.02791 0.00473 0.00045 
199	3	0.00004 0.22714 0.12134 0.04747 0.10975 0.01430 0.01016 0.00105 0.00720 0.12626 0.12773 0.04385 0.10178 0.05163 0.00837 0.00191 
200	3	0.00002 0.08501 0.13475 0.11190 0.18527 0.06267 0.04360 0.01165 0.00316 0.05727 0.08014 0.06038 0.10032 0.04759 0.01289 0.00339 
201	3	0.00005 0.09938 0.07583 0.19606 0.16746 0.03752 0.00898 0.00502 0.00857 0.06872 0.09870 0.10219 0.08640 0.03373 0.00850 0.00287 
202	3	0.00001 0.05659 0.16844 0.10102 0.13742 0.01496 0.00397 0.00044 0.00270 0.08176 0.16181 0.12557 0.10227 0.03506 0.00702 0.00095 
203	3	0.00000 0.06606 0.15245 0.11035 0.09887 0.02085 0.00984 0.00145 0.00248 0.08679 0.16103 0.12738 0.10746 0.04348 0.00992 0.00159 
204	3	0.00007 0.00512 0.07492 0.23174 0.21722 0.07503 0.01182 0.00053 0.00171 0.01305 0.05109 0.11654 0.12051 0.06125 0.01708 0.00230 
205	3	0.00000 0.16230 0.10456 0.00745 0.00476 0.00244 0.00411 0.00163 0.01704 0.27560 0.25434 0.04970 0.04035 0.03406 0.02945 0.01219 
206	3	0.00002 0.20843 0.07692 0.01894 0.00667 0.00463 0.00652 0.00167 0.00832 0.25574 0.23586 0.05919 0.04266 0.03529 0.02898 0.01014 
207	3	0.00001 0.09989 0.12190 0.04382 0.07237 0.05632 0.00830 0.00011 0.01194 0.19933 0.22345 0.06281 0.04693 0.02977 0.01756 0.00546 
208	3	0.00005 0.01261 0.01576 0.03325 0.09812 0.21702 0.17888 0.00006 0.00188 0.01666 0.03707 0.06535 0.10111 0.13948 0.08175 0.00096 
209	3	0.00000 0.02029 0.04972 0.10115 0.11678 0.16595 0.13599 0.00036 0.00060 0.01711 0.05808 0.08637 0.09509 0.09826 0.05264 0.00162 
210	4	0.00006 0.00522 0.03815 0.06807 0.03222 0.26613 0.33671 0.03359 0.00145 0.01068 0.05238 0.06477 0.03087 0.02493 0.02292 0.01182 
211	4	0.00009 0.00405 0.01261 0.02185 0.11385 0.22824 0.38491 0.02002 0.00133 0.00829 0.01884 0.02495 0.06110 0.06034 0.02678 0.01273 
212	4	0.00000 0.00110 0.00444 0.02536 0.16231 0.16128 0.40736 0.02192 0.00029 0.00428 0.01252 0.03299 0.07123 0.05682 0.02583 0.01228 
213	4	0.00112 0.00069 0.00015 0.03348 0.19287 0.14541 0.14658 0.15423 0.00880 0.01371 0.01479 0.06368 0.12349 0.06729 0.02582 0.00789 
214	4	0.00000 0.00051 0.00275 0.02078 0.05201 0.18182 0.35248 0.04407 0.00165 0.01140 0.03020 0.06950 0.10919 0.07839 0.03349 0.01176 
215	4	0.00000 0.00015 0.00253 0.01461 0.04355 0.14772 0.38033 0.04777 0.00107 0.00997 0.03354 0.08738 0.12305 0.06234 0.03278 0.01321 
216	4	0.00000 0.00027 0.00133 0.00711 0.06596 0.23757 0.40755 0.03275 0.00117 0.00816 0.02245 0.04445 0.07179 0.05895 0.03144 0.00904 
217	4	0.00000 0.00001 0.00001 0.00012 0.00137 0.28706 0.45117 0.05964 0.00057 0.00241 0.00508 0.00961 0.02125 0.07260 0.06787 0.02122 
218	4	0.00000 0.00113 0.01222 0.04976 0.32983 0.38106 0.08020 0.00830 0.00008 0.00190 0.00590 0.01343 0.03670 0.04397 0.02777 0.00774 
219	4	0.00000 0.00031 0.00042 0.00587 0.12131 0.43620 0.13594 0.02771 0.00021 0.00470 0.01792 0.06150 0.09726 0.04685 0.03104 0.01277 
220	4	0.00004 0.00484 0.01265 0.00295 0.03762 0.30509 0.23839 0.07137 0.00111 0.01140 0.02202 0.01412 0.06710 0.10598 0.07247 0.03285 
221	4	0.00000 0.00000 0.00055 0.03380 0.19701 0.12208 0.34425 0.04356 0.00009 0.00085 0.00990 0.06180 0.08747 0.04877 0.03631 0.01354 
222	4	0.00002 0.00262 0.01025 0.04402 0.19423 0.15915 0.22562 0.03092 0.00133 0.00962 0.02585 0.06557 0.10102 0.06347 0.04596 0.02033 
223	4	0.00009 0.03899 0.01064 0.04205 0.09611 0.17855 0.34996 0.08717 0.00111 0.01107 0.01097 0.02427 0.03448 0.04614 0.05123 0.01716 
224	4	0.00002 0.00015 0.00024 0.00682 0.08687 0.21606 0.24697 0.08325 0.00136 0.00518 0.01316 0.04600 0.12258 0.11210 0.04082 0.01842 
225	4	0.00007 0.01686 0.00582 0.01838 0.26214 0.22070 0.11715 0.05001 0.00145 0.01112 0.02045 0.04112 0.08060 0.07361 0.05325 0.02728 
226	4	0.00011 0.00075 0.00491 0.02341 0.11962 0.11866 0.45231 0.02158 0.00157 0.00670 0.02000 0.04370 0.06770 0.05831 0.04229 0.01836 
227	4	0.00001 0.00188 0.00926 0.03685 0.04672 0.13590 0.24185 0.08490 0.00070 0.00742 0.02225 0.06817 0.10435 0.09192 0.10394 0.04387 
228	4	0.00001 0.00055 0.01683 0.04270 0.08008 0.04634 0.23639 0.15005 0.00155 0.01054 0.06458 0.10385 0.11995 0.08673 0.02745 0.01239 
229	4	0.00000 0.00133 0.01056 0.03568 0.05565 0.10640 0.12890 0.10062 0.00203 0.01084 0.05171 0.09901 0.15431 0.16659 0.06051 0.01585 
230	4	0.00003 0.00398 0.02726 0.04375 0.05802 0.25556 0.28094 0.01902 0.00202 0.01297 0.04389 0.05089 0.07817 0.09008 0.02426 0.00915 
231	4	0.00005 0.00122 0.00238 0.02663 0.03136 0.19158 0.23404 0.12693 0.00261 0.00913 0.02894 0.06065 0.04737 0.09719 0.10313 0.03676 
232	4	0.00000 0.00002 0.00016 0.00457 0.06639 0.15202 0.22523 0.14602 0.00143 0.00533 0.01633 0.06495 0.15796 0.12092 0.02430 0.01436 
233	4	0.00011 0.00055 0.00386 0.01847 0.02771 0.18413 0.10211 0.17133 0.00186 0.00637 0.03316 0.08618 0.13923 0.16267 0.05336 0.00890 
234	4	0.00000 0.00113 0.00209 0.05372 0.05068 0.14954 0.12827 0.02245 0.00085 0.00749 0.03642 0.14843 0.17160 0.13667 0.07744 0.01320 
235	4	0.00001 0.00064 0.01790 0.03946 0.02772 0.30692 0.16703 0.00103 0.00187 0.01355 0.06236 0.10330 0.09868 0.09736 0.05249 0.00966 
236	4	0.00005 0.00035 0.01060 0.02855 0.11922 0.17857 0.38827 0.02123 0.00156 0.00714 0.02648 0.03857 0.07508 0.07032 0.02310 0.01091 
237	4	0.00000 0.00083 0.00597 0.02242 0.09949 0.28577 0.34980 0.01669 0.00161 0.00695 0.02160 0.03563 0.06275 0.05976 0.02267 0.00805 
238	4	0.00000 0.00115 0.56216 0.01430 0.02172 0.00672 0.06241 0.00970 0.00003 0.00356 0.03764 0.06985 0.06511 0.05197 0.06805 0.02562 
239	4	0.18367 0.19077 0.03726 0.11077 0.37887 0.00730 0.00253 0.00012 0.00997 0.01546 0.00856 0.01644 0.02494 0.01049 0.00255 0.00030 
240	4	0.00000 0.12688 0.20076 0.17737 0.36676 0.00617 0.00384 0.00000 0.00000 0.00764 0.01280 0.03780 0.04626 0.01031 0.00334 0.00008 
241	4	0.00000 0.00560 0.02992 0.08605 0.23897 0.12963 0.09329 0.00327 0.00012 0.01604 0.04843 0.07612 0.09355 0.08675 0.07869 0.01356 
242	4	0.00000 0.00171 0.01837 0.15031 0.27948 0.10200 0.09497 0.00585 0.00012 0.00563 0.02733 0.05896 0.07360 0.08035 0.08421 0.01710 
243	4	0.00000 0.00009 0.13435 0.20788 0.09133 0.10089 0.14625 0.00218 0.00007 0.00132 0.02047 0.03572 0.05301 0.10654 0.08876 0.01113 
244	4	0.00000 0.00001 0.19080 0.19969 0.16538 0.13878 0.11550 0.00192 0.00009 0.00062 0.01927 0.02280 0.04296 0.06380 0.03377 0.00458 
245	4	0.00000 0.00327 0.06331 0.19414 0.13892 0.07787 0.09173 0.01147 0.00018 0.01433 0.06046 0.08771 0.09192 0.08477 0.06750 0.01240 
246	4	0.00000 0.00472 0.06574 0.20282 0.13397 0.03306 0.07720 0.00196 0.00007 0.01904 0.07675 0.10835 0.10183 0.08731 0.07841 0.00875 
247	4	0.00000 0.00166 0.02165 0.09583 0.33046 0.07268 0.05683 0.00084 0.00007 0.00742 0.03326 0.11588 0.13980 0.06380 0.05081 0.00900 
248	4	0.00000 0.00004 0.00557 0.14432 0.13544 0.00515 0.24576 0.00432 0.00008 0.00240 0.03927 0.12642 0.09002 0.07842 0.10243 0.02035 
249	4	0.00000 0.00255 0.44164 0.04367 0.21066 0.05776 0.03402 0.00035 0.00029 0.00927 0.03249 0.03803 0.05520 0.04662 0.02385 0.00360 
250	4	0.00000 0.00005 0.11765 0.05013 0.01008 0.10846 0.32883 0.03376 0.00047 0.01254 0.09332 0.10036 0.05006 0.03454 0.04234 0.01742 
251	4	0.00000 0.00000 0.06472 0.02995 0.02603 0.38087 0.06558 0.00030 0.00001 0.00144 0.05004 0.10375 0.11814 0.09819 0.05668 0.00427 
252	4	0.00000 0.02559 0.06908 0.00010 0.33622 0.12694 0.21587 0.00048 0.00005 0.02371 0.02925 0.00316 0.02381 0.06951 0.07077 0.00545 
253	4	0.00000 0.00001 0.38853 0.01151 0.12815 0.10415 0.04364 0.00003 0.00002 0.00153 0.02668 0.04701 0.08955 0.11179 0.04693 0.00045 
254	4	0.00000 0.01100 0.02346 0.00070 0.39237 0.14352 0.21790 0.00166 0.00003 0.00749 0.00881 0.00484 0.03340 0.07072 0.07482 0.00926 
255	4	0.00000 0.00001 0.14034 0.00030 0.35938 0.08877 0.21551 0.00077 0.00001 0.00058 0.00730 0.00502 0.03046 0.07093 0.07325 0.00737 
256	4	0.00000 0.00001 0.40622 0.01720 0.09192 0.10396 0.06123 0.00013 0.00003 0.00090 0.02406 0.04606 0.08433 0.11055 0.05237 0.00102 
257	4	0.00000 0.04765 0.14943 0.06645 0.09339 0.27763 0.09390 0.00411 0.00006 0.00984 0.03062 0.04749 0.05819 0.05102 0.05529 0.01492 
258	4	0.00000 0.00037 0.03330 0.02167 0.09805 0.31436 0.03648 0.00041 0.00005 0.00482 0.03342 0.09677 0.15784 0.12989 0.06719 0.00537 
259	4	0.00000 0.00012 0.03554 0.01955 0.02790 0.42639 0.04912 0.00311 0.00003 0.00506 0.04419 0.08964 0.11502 0.09707 0.07255 0.01470 
260	4	0.00000 0.00000 0.01991 0.00844 0.02522 0.44964 0.03767 0.00420 0.00008 0.00322 0.03191 0.07923 0.12268 0.10972 0.08592 0.02216 
261	4	0.00000 0.04005 0.08470 0.01337 0.03196 0.39504 0.03842 0.02139 0.00009 0.03570 0.09240 0.06950 0.06571 0.05744 0.04250 0.01172 
262	4	0.00001 0.01327 0.03714 0.01687 0.06015 0.39230 0.02543 0.00173 0.00018 0.02078 0.05220 0.08613 0.14015 0.09949 0.04637 0.00780 
263	4	0.00000 0.00802 0.03896 0.05801 0.02803 0.40478 0.01200 0.00094 0.00044 0.01862 0.07945 0.13972 0.11783 0.06441 0.02434 0.00443 
264	4	0.00000 0.00441 0.01584 0.00037 0.47865 0.14204 0.16220 0.00211 0.00012 0.00497 0.00659 0.00220 0.02668 0.06820 0.07426 0.01136 
265	4	0.00000 0.00001 0.44755 0.01200 0.11373 0.08247 0.04299 0.00012 0.00002 0.00112 0.02587 0.04449 0.07700 0.10298 0.04907 0.00059 
266	4	0.00000 0.00000 0.16782 0.28380 0.10820 0.13060 0.05931 0.00016 0.00001 0.00032 0.01669 0.03174 0.06291 0.09397 0.04380 0.00066 
267	4	0.00000 0.00000 0.40510 0.00877 0.14341 0.07007 0.06022 0.00041 0.00007 0.00140 0.02570 0.04118 0.07617 0.10460 0.06084 0.00205 
268	4	0.00000 0.00000 0.11448 0.16659 0.08612 0.24237 0.09165 0.00468 0.00001 0.00092 0.03062 0.05926 0.06862 0.06536 0.05716 0.01216 
269	4	0.00000 0.00013 0.20887 0.11295 0.11415 0.19722 0.06676 0.00156 0.00003 0.00233 0.03542 0.06583 0.07185 0.06285 0.05121 0.00882 
270	4	0.00000 0.00381 0.04882 0.08383 0.16738 0.09138 0.12323 0.00700 0.00006 0.01294 0.06309 0.10466 0.10141 0.08982 0.08532 0.01726 
271	4	0.00000 0.01298 0.03142 0.08565 0.18143 0.07703 0.12156 0.00653 0.00060 0.02329 0.06552 0.10036 0.10154 0.08757 0.08642 0.01810 
272	4	0.00000 0.00771 0.03197 0.15649 0.23486 0.05818 0.07538 0.00022 0.00031 0.01843 0.05761 0.08562 0.09684 0.09573 0.07492 0.00572 
273	4	0.00000 0.00101 0.04792 0.11994 0.18640 0.08781 0.10698 0.00344 0.00001 0.00936 0.05478 0.09172 0.10395 0.09070 0.08184 0.01414 
274	4	0.00000 0.20004 0.26207 0.03681 0.07794 0.14097 0.02712 0.00656 0.00003 0.01265 0.02784 0.04498 0.05594 0.04883 0.04270 0.01551 
275	4	0.00000 0.00026 0.10826 0.02561 0.04013 0.39448 0.09856 0.00454 0.00011 0.00305 0.02896 0.03816 0.07105 0.09090 0.07258 0.02334 
276	4	0.00000 0.00189 0.01270 0.00965 0.00534 0.06355 0.74117 0.00019 0.00012 0.00350 0.01173 0.02411 0.02943 0.05194 0.04368 0.00100 
277	4	0.00000 0.00002 0.09927 0.00856 0.07410 0.37163 0.14870 0.00001 0.00006 0.00065 0.00869 0.03119 0.09307 0.09673 0.06110 0.00622 
278	4	0.00000 0.00000 0.13579 0.01929 0.21534 0.17847 0.14852 0.00000 0.00005 0.00103 0.01014 0.04054 0.09848 0.09221 0.05720 0.00292 
279	4	0.00000 0.00238 0.34416 0.00201 0.22072 0.16515 0.04040 0.00071 0.00018 0.00836 0.02289 0.01622 0.06043 0.07862 0.03554 0.00223 
280	5	0.00000 0.00069 0.02648 0.07307 0.06139 0.21245 0.34681 0.05028 0.00005 0.00270 0.03282 0.06430 0.04877 0.04328 0.02910 0.00780 
281	5	0.00016 0.03499 0.16961 0.08567 0.07782 0.09777 0.04906 0.01568 0.00191 0.02955 0.10822 0.12502 0.07898 0.05636 0.04917 0.02002 
282	5	0.00000 0.00189 0.02113 0.10612 0.07726 0.08438 0.14116 0.06699 0.00021 0.00758 0.04911 0.12408 0.12613 0.09850 0.07336 0.02210 
283	5	0.00000 0.01320 0.01230 0.04945 0.12596 0.23965 0.35680 0.02168 0.00007 0.00582 0.01293 0.02360 0.04007 0.05228 0.03821 0.00797 
284	5	0.00000 0.01802 0.04182 0.06016 0.10072 0.19094 0.32586 0.04884 0.00011 0.00670 0.01807 0.02785 0.04354 0.05567 0.04750 0.01419 
285	5	0.00000 0.01201 0.01504 0.02233 0.02202 0.30815 0.30990 0.14096 0.00041 0.01159 0.02383 0.03045 0.03045 0.03276 0.02738 0.01270 
286	5	0.00004 0.02180 0.14853 0.08482 0.02489 0.02582 0.20958 0.14760 0.00122 0.03612 0.10914 0.09787 0.04240 0.02012 0.01877 0.01128 
287	5	0.00000 0.00227 0.01871 0.10104 0.12059 0.15861 0.12212 0.03627 0.00015 0.00945 0.04118 0.09715 0.12897 0.10764 0.04565 0.01020 
288	5	0.00000 0.00040 0.00529 0.02411 0.10572 0.27310 0.18175 0.03113 0.00047 0.00347 0.01678 0.05089 0.10405 0.12991 0.06630 0.00663 
289	5	0.00002 0.00117 0.01285 0.00661 0.06633 0.21951 0.46215 0.08779 0.00039 0.00352 0.00782 0.00660 0.01857 0.04490 0.04752 0.01425 
290	5	0.00003 0.00190 0.01261 0.00656 0.08958 0.23217 0.46425 0.05035 0.00047 0.00423 0.00814 0.00686 0.02221 0.04971 0.04253 0.00839 
291	5	0.00000 0.00327 0.04428 0.18804 0.21285 0.19048 0.13062 0.01401 0.00010 0.00193 0.01442 0.04189 0.05882 0.05799 0.03484 0.00645 
292	5	0.00000 0.00070 0.01083 0.03782 0.07255 0.13292 0.38048 0.15462 0.00005 0.00352 0.01823 0.03313 0.04337 0.05001 0.04614 0.01563 
293	5	0.00028 0.00892 0.06115 0.27630 0.18407 0.14682 0.10810 0.01472 0.00047 0.00354 0.02010 0.04363 0.05402 0.04647 0.02600 0.00540 
294	5	0.00038 0.03092 0.12889 0.16023 0.17667 0.17119 0.11257 0.00970 0.00036 0.00636 0.02347 0.04320 0.05375 0.05057 0.02670 0.00505 
295	5	0.00012 0.00770 0.08036 0.20511 0.21866 0.15073 0.11095 0.01088 0.00078 0.00970 0.03382 0.05931 0.06161 0.03567 0.01280 0.00177 
296	5	0.00000 0.00009 0.00420 0.01777 0.07767 0.37890 0.20214 0.05784 0.00008 0.00112 0.00795 0.02592 0.06508 0.10154 0.05207 0.00763 
