350	5	16
0	1	0.28671 0.00000 0.00000 0.00000 0.08455 0.00000 0.51452 0.00000 0.02866 0.00000 0.00000 0.00000 0.04105 0.00000 0.04451 0.00000 
1	1	0.05812 0.00000 0.00000 0.00000 0.07138 0.00000 0.71782 0.00000 0.04583 0.00000 0.00000 0.00000 0.04589 0.00000 0.06095 0.00000 
2	1	0.28068 0.00000 0.00000 0.00000 0.11797 0.00000 0.44845 0.00000 0.05885 0.00000 0.00000 0.00000 0.04648 0.00000 0.04756 0.00000 
3	1	0.17097 0.00000 0.00000 0.00000 0.21963 0.00000 0.37216 0.00000 0.09662 0.00000 0.00000 0.00000 0.06690 0.00000 0.07372 0.00000 
4	1	0.28592 0.00000 0.00000 0.00000 0.03648 0.00000 0.42760 0.00000 0.09877 0.00000 0.00000 0.00000 0.06907 0.00000 0.08215 0.00000 
5	1	0.13594 0.00000 0.00000 0.00000 0.00877 0.00000 0.63150 0.00000 0.08323 0.00000 0.00001 0.00000 0.06158 0.00000 0.07896 0.00000 
6	1	0.13378 0.00000 0.00000 0.00000 0.01439 0.00000 0.61197 0.00000 0.08891 0.00000 0.00000 0.00000 0.06400 0.00000 0.08695 0.00000 
7	1	0.22072 0.00000 0.00000 0.00000 0.08929 0.00000 0.45733 0.00000 0.08539 0.00000 0.00000 0.00000 0.07096 0.00000 0.07631 0.00000 
8	1	0.47779 0.00000 0.00000 0.00000 0.10051 0.00000 0.14106 0.00000 0.11874 0.00000 0.00000 0.00000 0.08045 0.00000 0.08145 0.00000 
9	1	0.20042 0.00000 0.00000 0.00000 0.05291 0.00000 0.48899 0.00000 0.10088 0.00000 0.00000 0.00000 0.06883 0.00000 0.08797 0.00000 
10	1	0.22185 0.00000 0.01705 0.00000 0.05954 0.00000 0.51300 0.00000 0.05957 0.00000 0.03631 0.00000 0.02703 0.00000 0.06564 0.00000 
11	1	0.20818 0.00000 0.00000 0.00000 0.17107 0.00000 0.40401 0.00000 0.08679 0.00000 0.00000 0.00000 0.06348 0.00000 0.06647 0.00000 
12	1	0.16285 0.00000 0.00000 0.00000 0.11659 0.00000 0.49054 0.00000 0.09127 0.00000 0.00000 0.00000 0.05912 0.00000 0.07963 0.00000 
13	1	0.34979 0.00000 0.00000 0.00000 0.10717 0.00000 0.41813 0.00000 0.04217 0.00000 0.00032 0.00000 0.04681 0.00000 0.03560 0.00000 
14	1	0.83100 0.00000 0.00000 0.00000 0.02137 0.00000 0.07254 0.00000 0.03434 0.00000 0.00015 0.00000 0.02276 0.00000 0.01783 0.00000 
15	1	0.30491 0.00000 0.00000 0.00000 0.12888 0.00000 0.44439 0.00000 0.04036 0.00000 0.00001 0.00000 0.04179 0.00000 0.03965 0.00000 
16	1	0.29314 0.00000 0.00000 0.00000 0.48257 0.00000 0.13547 0.00000 0.02507 0.00000 0.00000 0.00000 0.03651 0.00000 0.02723 0.00000 
17	1	0.27945 0.00000 0.00000 0.00000 0.14411 0.00000 0.48882 0.00000 0.03067 0.00000 0.00026 0.00000 0.02808 0.00000 0.02859 0.00000 
18	1	0.34372 0.00000 0.00000 0.00000 0.06102 0.00000 0.48679 0.00000 0.03881 0.00000 0.00006 0.00000 0.03217 0.00000 0.03745 0.00000 
19	1	0.32456 0.00000 0.00017 0.00000 0.47368 0.00000 0.04594 0.00000 0.07403 0.00000 0.00397 0.00000 0.06250 0.00000 0.01514 0.00000 
20	1	0.48522 0.00000 0.00035 0.00000 0.27073 0.00000 0.04675 0.00000 0.09637 0.00000 0.00602 0.00000 0.07351 0.00000 0.02105 0.00000 
21	1	0.32745 0.00000 0.00422 0.00000 0.13372 0.00000 0.25405 0.00000 0.09416 0.00000 0.02811 0.00000 0.06863 0.00000 0.08965 0.00000 
22	1	0.22585 0.00000 0.00002 0.00000 0.63315 0.00000 0.01922 0.00000 0.05791 0.00000 0.00274 0.00000 0.05062 0.00000 0.01048 0.00000 
23	1	0.24813 0.00000 0.00000 0.00000 0.63837 0.00000 0.02622 0.00000 0.03693 0.00000 0.00055 0.00000 0.04002 0.00000 0.00978 0.00000 
24	1	0.21620 0.00000 0.00001 0.00000 0.64001 0.00000 0.06170 0.00000 0.02998 0.00000 0.00073 0.00000 0.03675 0.00000 0.01463 0.00000 
25	1	0.22542 0.00000 0.00000 0.00000 0.00000 0.00000 0.58290 0.00000 0.09983 0.00000 0.00000 0.00000 0.00000 0.00000 0.09185 0.00000 
26	1	0.25581 0.00000 0.01890 0.00000 0.05521 0.00000 0.45921 0.00000 0.07431 0.00000 0.03575 0.00000 0.03163 0.00000 0.06917 0.00000 
27	1	0.35889 0.00000 0.00000 0.00000 0.12332 0.00000 0.38663 0.00000 0.05687 0.00000 0.00001 0.00000 0.02827 0.00000 0.04600 0.00000 
28	1	0.08854 0.00000 0.00002 0.00000 0.21490 0.00000 0.44968 0.00000 0.07645 0.00000 0.00234 0.00000 0.06943 0.00000 0.09863 0.00000 
29	1	0.07557 0.00000 0.00008 0.00000 0.07258 0.00000 0.60766 0.00000 0.07793 0.00000 0.00486 0.00000 0.05681 0.00000 0.10451 0.00000 
30	1	0.06600 0.00000 0.00002 0.00000 0.00011 0.00000 0.80318 0.00000 0.04685 0.00000 0.00347 0.00000 0.01132 0.00000 0.06905 0.00000 
31	1	0.06493 0.00000 0.00000 0.00000 0.00137 0.00000 0.77947 0.00000 0.04857 0.00000 0.00107 0.00000 0.03403 0.00000 0.07055 0.00000 
32	1	0.18771 0.00000 0.00000 0.00000 0.11078 0.00000 0.55305 0.00000 0.04947 0.00000 0.00002 0.00000 0.04475 0.00000 0.05423 0.00000 
33	1	0.46231 0.00000 0.00123 0.00000 0.08993 0.00000 0.26950 0.00000 0.07071 0.00000 0.03217 0.00000 0.02537 0.00000 0.04877 0.00000 
34	1	0.26483 0.00000 0.00613 0.00000 0.41357 0.00000 0.18892 0.00000 0.04140 0.00000 0.02526 0.00000 0.02795 0.00000 0.03194 0.00000 
35	1	0.17809 0.00000 0.11848 0.00000 0.15355 0.00000 0.33737 0.00000 0.07977 0.00000 0.02830 0.00000 0.04829 0.00000 0.05615 0.00000 
36	1	0.08769 0.00000 0.04620 0.00000 0.16669 0.00000 0.43988 0.00000 0.07000 0.00000 0.04924 0.00000 0.05127 0.00000 0.08904 0.00000 
37	1	0.45600 0.00000 0.00000 0.00000 0.00001 0.00000 0.42437 0.00000 0.05793 0.00000 0.00001 0.00000 0.00656 0.00000 0.05512 0.00000 
38	1	0.14878 0.00000 0.01806 0.00000 0.01568 0.00000 0.48429 0.00000 0.12975 0.00000 0.03734 0.00000 0.02514 0.00000 0.14094 0.00000 
39	1	0.42760 0.00000 0.00509 0.00000 0.03525 0.00000 0.20905 0.00000 0.13579 0.00000 0.03972 0.00000 0.04625 0.00000 0.10125 0.00000 
40	1	0.18258 0.00000 0.01992 0.00000 0.00696 0.00000 0.46848 0.00000 0.10734 0.00000 0.07264 0.00000 0.02744 0.00000 0.11464 0.00000 
41	1	0.26610 0.00000 0.02269 0.00000 0.22464 0.00000 0.25530 0.00000 0.07948 0.00000 0.05687 0.00000 0.03103 0.00000 0.06390 0.00000 
42	1	0.33860 0.00000 0.00346 0.00000 0.49707 0.00000 0.06315 0.00000 0.04089 0.00000 0.01248 0.00000 0.02762 0.00000 0.01672 0.00000 
43	1	0.09380 0.00000 0.00000 0.00000 0.10519 0.00000 0.53196 0.00000 0.07261 0.00000 0.00000 0.00000 0.10799 0.00000 0.08845 0.00000 
44	1	0.03615 0.00000 0.00000 0.00000 0.13849 0.00000 0.46209 0.00000 0.04602 0.00000 0.00000 0.00000 0.16742 0.00000 0.14982 0.00000 
45	1	0.35483 0.00000 0.00000 0.00000 0.04763 0.00000 0.37064 0.00000 0.09203 0.00000 0.00000 0.00000 0.06079 0.00000 0.07407 0.00000 
46	1	0.21262 0.00000 0.00000 0.00000 0.16518 0.00000 0.49910 0.00000 0.05131 0.00000 0.00000 0.00000 0.04089 0.00000 0.03090 0.00000 
47	1	0.18639 0.00000 0.00000 0.00000 0.25533 0.00000 0.44512 0.00000 0.04499 0.00000 0.00000 0.00000 0.04049 0.00000 0.02767 0.00000 
48	1	0.31045 0.00000 0.00000 0.00000 0.15137 0.00000 0.39649 0.00000 0.06107 0.00000 0.00000 0.00000 0.03023 0.00000 0.05039 0.00000 
49	1	0.17157 0.00000 0.00000 0.00000 0.25636 0.00000 0.45694 0.00000 0.03117 0.00000 0.00000 0.00000 0.04619 0.00000 0.03777 0.00000 
50	1	0.14080 0.00000 0.00000 0.00000 0.30444 0.00000 0.43510 0.00000 0.03934 0.00000 0.00000 0.00000 0.04791 0.00000 0.03241 0.00000 
51	1	0.12214 0.00000 0.00000 0.00000 0.02078 0.00000 0.63264 0.00000 0.06322 0.00000 0.00000 0.00000 0.07221 0.00000 0.08901 0.00000 
52	1	0.09389 0.00000 0.00000 0.00000 0.01890 0.00000 0.62601 0.00000 0.06255 0.00000 0.00000 0.00000 0.08312 0.00000 0.11553 0.00000 
53	1	0.10222 0.00000 0.00000 0.00000 0.03573 0.00000 0.67964 0.00000 0.07541 0.00000 0.00000 0.00000 0.03213 0.00000 0.07487 0.00000 
54	1	0.05536 0.00000 0.00000 0.00000 0.00069 0.00000 0.80666 0.00000 0.05284 0.00000 0.00000 0.00000 0.01700 0.00000 0.06744 0.00000 
55	1	0.08857 0.00000 0.00000 0.00000 0.42943 0.00000 0.38686 0.00000 0.02412 0.00000 0.00000 0.00000 0.03603 0.00000 0.03499 0.00000 
56	1	0.05600 0.00000 0.00000 0.00000 0.49250 0.00000 0.36242 0.00000 0.02156 0.00000 0.00000 0.00000 0.03778 0.00000 0.02972 0.00000 
57	1	0.31457 0.00000 0.00000 0.00000 0.53782 0.00000 0.07997 0.00000 0.01722 0.00000 0.00000 0.00000 0.02870 0.00000 0.02171 0.00000 
58	1	0.37283 0.00000 0.00000 0.00000 0.32266 0.00000 0.22086 0.00000 0.02510 0.00000 0.00001 0.00000 0.02912 0.00000 0.02942 0.00000 
59	1	0.36009 0.00000 0.00000 0.00000 0.03884 0.00000 0.42223 0.00000 0.08236 0.00000 0.00000 0.00000 0.03523 0.00000 0.06125 0.00000 
60	1	0.43000 0.00000 0.00000 0.00000 0.19196 0.00000 0.29394 0.00000 0.02978 0.00000 0.00006 0.00000 0.02598 0.00000 0.02827 0.00000 
61	1	0.37540 0.00000 0.00000 0.00000 0.48458 0.00000 0.04763 0.00000 0.02437 0.00000 0.00000 0.00000 0.04039 0.00000 0.02763 0.00000 
62	1	0.63361 0.00000 0.00000 0.00000 0.29202 0.00000 0.03107 0.00000 0.01459 0.00000 0.00000 0.00000 0.01759 0.00000 0.01111 0.00000 
63	1	0.54235 0.00000 0.00000 0.00000 0.38338 0.00000 0.02392 0.00000 0.01657 0.00000 0.00000 0.00000 0.02152 0.00000 0.01225 0.00000 
64	1	0.60688 0.00000 0.00000 0.00000 0.00048 0.00000 0.32380 0.00000 0.02972 0.00000 0.00000 0.00000 0.01724 0.00000 0.02188 0.00000 
65	1	0.52120 0.00000 0.00000 0.00000 0.17335 0.00000 0.24403 0.00000 0.01751 0.00000 0.00000 0.00000 0.02503 0.00000 0.01887 0.00000 
66	1	0.37613 0.00000 0.00000 0.00000 0.42601 0.00000 0.13451 0.00000 0.01365 0.00000 0.00000 0.00000 0.02908 0.00000 0.02061 0.00000 
67	1	0.54473 0.00000 0.00000 0.00000 0.11660 0.00000 0.25313 0.00000 0.03230 0.00000 0.00000 0.00000 0.03345 0.00000 0.01978 0.00000 
68	1	0.16808 0.00000 0.00000 0.00000 0.27232 0.00000 0.33888 0.00000 0.08788 0.00000 0.00000 0.00000 0.07087 0.00000 0.06196 0.00000 
69	1	0.27480 0.00000 0.00000 0.00000 0.14595 0.00000 0.44649 0.00000 0.05406 0.00000 0.00000 0.00000 0.04513 0.00000 0.03356 0.00000 
70	2	0.69005 0.00000 0.00000 0.00000 0.00732 0.00000 0.06911 0.00000 0.10569 0.00000 0.00000 0.00000 0.07142 0.00000 0.05641 0.00000 
71	2	0.70592 0.00000 0.00000 0.00000 0.00944 0.00000 0.08341 0.00000 0.08300 0.00000 0.00000 0.00000 0.06681 0.00000 0.05142 0.00000 
72	2	0.68250 0.00000 0.00000 0.00000 0.00926 0.00000 0.10670 0.00000 0.08196 0.00000 0.00001 0.00000 0.06418 0.00000 0.05540 0.00000 
73	2	0.68905 0.00000 0.00000 0.00000 0.01409 0.00000 0.07625 0.00000 0.09440 0.00000 0.00000 0.00000 0.06752 0.00000 0.05868 0.00000 
74	2	0.67310 0.00000 0.00000 0.00000 0.01327 0.00000 0.13734 0.00000 0.08110 0.00000 0.00000 0.00000 0.05360 0.00000 0.04160 0.00000 
75	2	0.01065 0.00000 0.00000 0.00000 0.02786 0.00000 0.79497 0.00000 0.02939 0.00000 0.00287 0.00000 0.03804 0.00000 0.09622 0.00000 
76	2	0.00592 0.00000 0.00000 0.00000 0.02757 0.00000 0.91808 0.00000 0.00828 0.00000 0.00122 0.00000 0.01377 0.00000 0.02515 0.00000 
77	2	0.02053 0.00000 0.00000 0.00000 0.31721 0.00000 0.53971 0.00000 0.00927 0.00000 0.00000 0.00000 0.05725 0.00000 0.05602 0.00000 
78	2	0.21748 0.00000 0.00000 0.00000 0.06830 0.00000 0.62935 0.00000 0.02855 0.00000 0.00038 0.00000 0.02754 0.00000 0.02840 0.00000 
79	2	0.17672 0.00000 0.00000 0.00000 0.12704 0.00000 0.59841 0.00000 0.03307 0.00000 0.00034 0.00000 0.03479 0.00000 0.02963 0.00000 
80	2	0.27718 0.00000 0.00000 0.00000 0.37082 0.00000 0.04100 0.00000 0.14777 0.00000 0.00000 0.00000 0.10111 0.00000 0.06212 0.00000 
81	2	0.11561 0.00000 0.00000 0.00000 0.09682 0.00000 0.68660 0.00000 0.02166 0.00000 0.00093 0.00000 0.03296 0.00000 0.04542 0.00000 
82	2	0.18427 0.00000 0.00000 0.00000 0.38782 0.00000 0.24057 0.00000 0.03251 0.00000 0.00000 0.00000 0.09268 0.00000 0.06215 0.00000 
83	2	0.17721 0.00000 0.00000 0.00000 0.34979 0.00000 0.34124 0.00000 0.03155 0.00000 0.00000 0.00000 0.06370 0.00000 0.03651 0.00000 
84	2	0.13845 0.00000 0.00000 0.00000 0.63204 0.00000 0.11487 0.00000 0.02649 0.00000 0.00000 0.00000 0.06040 0.00000 0.02775 0.00000 
85	2	0.11467 0.00000 0.00000 0.00000 0.43734 0.00000 0.25643 0.00000 0.02338 0.00000 0.00000 0.00000 0.09805 0.00000 0.07013 0.00000 
86	2	0.17522 0.00000 0.00000 0.00000 0.41637 0.00000 0.25384 0.00000 0.02927 0.00000 0.00000 0.00000 0.07714 0.00000 0.04817 0.00000 
87	2	0.20845 0.00000 0.00000 0.00000 0.34753 0.00000 0.26865 0.00000 0.03742 0.00000 0.00000 0.00000 0.08866 0.00000 0.04927 0.00000 
88	2	0.20007 0.00000 0.00000 0.00000 0.38220 0.00000 0.23470 0.00000 0.04095 0.00000 0.00000 0.00000 0.09131 0.00000 0.05077 0.00000 
89	2	0.34878 0.00000 0.00000 0.00000 0.14740 0.00000 0.40618 0.00000 0.01130 0.00000 0.00000 0.00000 0.04412 0.00000 0.04222 0.00000 
90	2	0.16356 0.00000 0.00000 0.00000 0.26539 0.00000 0.43324 0.00000 0.01525 0.00000 0.00000 0.00000 0.06422 0.00000 0.05832 0.00000 
91	2	0.01179 0.00000 0.00000 0.00000 0.83378 0.00000 0.00710 0.00000 0.03988 0.00000 0.00000 0.00000 0.06526 0.00000 0.04219 0.00000 
92	2	0.56880 0.00000 0.00002 0.00000 0.06169 0.00000 0.22180 0.00000 0.05954 0.00000 0.00085 0.00000 0.04598 0.00000 0.04132 0.00000 
93	2	0.61698 0.00000 0.00000 0.00000 0.01569 0.00000 0.11959 0.00000 0.10329 0.00000 0.00000 0.00000 0.08801 0.00000 0.05644 0.00000 
94	2	0.55082 0.00000 0.00000 0.00000 0.01052 0.00000 0.22040 0.00000 0.09143 0.00000 0.00008 0.00000 0.07205 0.00000 0.05470 0.00000 
95	2	0.36037 0.00000 0.00000 0.00000 0.10175 0.00000 0.21710 0.00000 0.08140 0.00000 0.00000 0.00000 0.13532 0.00000 0.10407 0.00000 
96	2	0.60485 0.00000 0.00000 0.00000 0.01354 0.00000 0.18499 0.00000 0.07193 0.00000 0.00000 0.00000 0.07252 0.00000 0.05217 0.00000 
97	2	0.70795 0.00000 0.00005 0.00000 0.00459 0.00000 0.12723 0.00000 0.07345 0.00000 0.00232 0.00000 0.03506 0.00000 0.04935 0.00000 
98	2	0.59172 0.00000 0.00000 0.00000 0.08896 0.00000 0.12310 0.00000 0.05522 0.00000 0.00000 0.00000 0.08867 0.00000 0.05232 0.00000 
99	2	0.55893 0.00000 0.00000 0.00000 0.03132 0.00000 0.16919 0.00000 0.08756 0.00000 0.00000 0.00000 0.08938 0.00000 0.06361 0.00000 
100	2	0.69137 0.00000 0.00001 0.00000 0.00812 0.00000 0.15885 0.00000 0.05674 0.00000 0.00077 0.00000 0.04607 0.00000 0.03807 0.00000 
101	2	0.62480 0.00000 0.00000 0.00000 0.01154 0.00000 0.22083 0.00000 0.05832 0.00000 0.00065 0.00000 0.04524 0.00000 0.03862 0.00000 
102	2	0.63801 0.00000 0.00000 0.00000 0.00180 0.00000 0.00714 0.00000 0.19053 0.00000 0.00000 0.00000 0.09765 0.00000 0.06487 0.00000 
103	2	0.49791 0.00000 0.00000 0.00000 0.03115 0.00000 0.24236 0.00000 0.07604 0.00000 0.00000 0.00000 0.09265 0.00000 0.05990 0.00000 
104	2	0.56462 0.00000 0.00000 0.00000 0.04167 0.00000 0.16104 0.00000 0.06372 0.00000 0.00000 0.00000 0.10166 0.00000 0.06728 0.00000 
105	2	0.66477 0.00000 0.00001 0.00000 0.00650 0.00000 0.18969 0.00000 0.05988 0.00000 0.00074 0.00000 0.04182 0.00000 0.03657 0.00000 
106	2	0.63439 0.00000 0.00000 0.00000 0.00950 0.00000 0.22022 0.00000 0.05345 0.00000 0.00008 0.00000 0.04597 0.00000 0.03640 0.00000 
107	2	0.53473 0.00000 0.00000 0.00000 0.04966 0.00000 0.16220 0.00000 0.07822 0.00000 0.00004 0.00000 0.11073 0.00000 0.06442 0.00000 
108	2	0.54586 0.00000 0.00000 0.00000 0.01981 0.00000 0.23140 0.00000 0.08440 0.00000 0.00015 0.00000 0.07345 0.00000 0.04493 0.00000 
109	2	0.53987 0.00000 0.00000 0.00000 0.01150 0.00000 0.23151 0.00000 0.07967 0.00000 0.00000 0.00000 0.07817 0.00000 0.05928 0.00000 
110	2	0.45812 0.00000 0.00033 0.00000 0.00432 0.00000 0.34676 0.00000 0.07352 0.00000 0.00395 0.00000 0.05022 0.00000 0.06277 0.00000 
111	2	0.52130 0.00000 0.00000 0.00000 0.01454 0.00000 0.12402 0.00000 0.15445 0.00000 0.00001 0.00000 0.09936 0.00000 0.08632 0.00000 
112	2	0.59838 0.00000 0.00006 0.00000 0.08102 0.00000 0.18132 0.00000 0.05805 0.00000 0.00145 0.00000 0.04032 0.00000 0.03939 0.00000 
113	2	0.70303 0.00000 0.00000 0.00000 0.00118 0.00000 0.00630 0.00000 0.15951 0.00000 0.00000 0.00000 0.07815 0.00000 0.05182 0.00000 
114	2	0.59380 0.00000 0.00000 0.00000 0.00184 0.00000 0.01012 0.00000 0.21604 0.00000 0.00000 0.00000 0.09881 0.00000 0.07938 0.00000 
115	2	0.61834 0.00000 0.00000 0.00000 0.01724 0.00000 0.00574 0.00000 0.20428 0.00000 0.00000 0.00000 0.09665 0.00000 0.05775 0.00000 
116	2	0.54795 0.00000 0.00000 0.00000 0.15741 0.00000 0.00533 0.00000 0.14872 0.00000 0.00000 0.00000 0.09283 0.00000 0.04775 0.00000 
117	2	0.56320 0.00000 0.00418 0.00000 0.10459 0.00000 0.12229 0.00000 0.06860 0.00000 0.01794 0.00000 0.05494 0.00000 0.06425 0.00000 
118	2	0.34271 0.00000 0.00458 0.00000 0.30722 0.00000 0.20167 0.00000 0.04619 0.00000 0.01856 0.00000 0.04265 0.00000 0.03642 0.00000 
119	2	0.32881 0.00000 0.00000 0.00000 0.52631 0.00000 0.07733 0.00000 0.01197 0.00000 0.00000 0.00000 0.03257 0.00000 0.02300 0.00000 
120	2	0.45162 0.00000 0.00000 0.00000 0.33480 0.00000 0.04714 0.00000 0.07363 0.00000 0.00000 0.00000 0.07382 0.00000 0.01899 0.00000 
121	2	0.31671 0.00000 0.00000 0.00000 0.52193 0.00000 0.04120 0.00000 0.05210 0.00000 0.00000 0.00000 0.04943 0.00000 0.01862 0.00000 
122	2	0.54276 0.00000 0.00000 0.00000 0.01045 0.00000 0.30407 0.00000 0.06172 0.00000 0.00000 0.00000 0.04808 0.00000 0.03292 0.00000 
123	2	0.19644 0.00000 0.00000 0.00000 0.58598 0.00000 0.00272 0.00000 0.10082 0.00000 0.00000 0.00000 0.08464 0.00000 0.02940 0.00000 
124	2	0.59689 0.00000 0.00000 0.00000 0.12413 0.00000 0.11641 0.00000 0.05517 0.00000 0.00000 0.00000 0.06242 0.00000 0.04498 0.00000 
125	2	0.73481 0.00000 0.00000 0.00000 0.01572 0.00000 0.11815 0.00000 0.04631 0.00000 0.00000 0.00000 0.05064 0.00000 0.03437 0.00000 
126	2	0.34115 0.00000 0.00000 0.00000 0.22482 0.00000 0.02818 0.00000 0.16287 0.00000 0.00000 0.00000 0.13476 0.00000 0.10822 0.00000 
127	2	0.56892 0.00000 0.00000 0.00000 0.00402 0.00000 0.00669 0.00000 0.23015 0.00000 0.00001 0.00000 0.11559 0.00000 0.07462 0.00000 
128	2	0.23064 0.00000 0.00000 0.00000 0.66480 0.00000 0.02552 0.00000 0.03151 0.00000 0.00000 0.00000 0.03123 0.00000 0.01630 0.00000 
129	2	0.28643 0.00000 0.00000 0.00000 0.59667 0.00000 0.03775 0.00000 0.03027 0.00000 0.00000 0.00000 0.03054 0.00000 0.01835 0.00000 
130	2	0.18712 0.00000 0.00000 0.00000 0.66414 0.00000 0.03215 0.00000 0.04220 0.00000 0.00000 0.00000 0.04818 0.00000 0.02622 0.00000 
131	2	0.22017 0.00000 0.00000 0.00000 0.20107 0.00000 0.07537 0.00000 0.19791 0.00000 0.00000 0.00000 0.14447 0.00000 0.16100 0.00000 
132	2	0.28707 0.00000 0.00000 0.00000 0.08477 0.00000 0.25344 0.00000 0.14290 0.00000 0.00001 0.00000 0.12563 0.00000 0.10617 0.00000 
133	2	0.46024 0.00000 0.00000 0.00000 0.01321 0.00000 0.00936 0.00000 0.26762 0.00000 0.00000 0.00000 0.13713 0.00000 0.11243 0.00000 
134	2	0.25977 0.00000 0.00000 0.00000 0.58344 0.00000 0.02093 0.00000 0.05269 0.00000 0.00000 0.00000 0.05249 0.00000 0.03069 0.00000 
135	2	0.19939 0.00000 0.00000 0.00000 0.40765 0.00000 0.21367 0.00000 0.03373 0.00000 0.00000 0.00000 0.08921 0.00000 0.05635 0.00000 
136	2	0.23883 0.00000 0.00000 0.00000 0.27680 0.00000 0.29878 0.00000 0.02901 0.00000 0.00000 0.00000 0.09134 0.00000 0.06523 0.00000 
137	2	0.32701 0.00000 0.00000 0.00000 0.48487 0.00000 0.01410 0.00000 0.07711 0.00000 0.00000 0.00000 0.06112 0.00000 0.03578 0.00000 
138	2	0.58255 0.00000 0.00000 0.00000 0.15192 0.00000 0.02228 0.00000 0.10813 0.00000 0.00000 0.00000 0.08592 0.00000 0.04919 0.00000 
139	2	0.61668 0.00000 0.00000 0.00000 0.01022 0.00000 0.03267 0.00000 0.15339 0.00000 0.00000 0.00000 0.11765 0.00000 0.06938 0.00000 
140	3	0.68267 0.00000 0.00869 0.00000 0.01342 0.00000 0.18311 0.00000 0.04634 0.00000 0.00691 0.00000 0.02758 0.00000 0.03128 0.00000 
141	3	0.48822 0.00000 0.00197 0.00000 0.06389 0.00000 0.27409 0.00000 0.05606 0.00000 0.00749 0.00000 0.05359 0.00000 0.05470 0.00000 
142	3	0.71602 0.00000 0.00004 0.00000 0.03470 0.00000 0.12820 0.00000 0.05090 0.00000 0.00052 0.00000 0.04617 0.00000 0.02345 0.00000 
143	3	0.60288 0.00000 0.00261 0.00000 0.06091 0.00000 0.13925 0.00000 0.07691 0.00000 0.00705 0.00000 0.06777 0.00000 0.04262 0.00000 
144	3	0.47542 0.00000 0.00002 0.00000 0.01036 0.00000 0.07343 0.00000 0.18789 0.00000 0.00118 0.00000 0.13928 0.00000 0.11242 0.00000 
145	3	0.34822 0.00000 0.00000 0.00000 0.05578 0.00000 0.06375 0.00000 0.19452 0.00000 0.00062 0.00000 0.21397 0.00000 0.12312 0.00000 
146	3	0.30551 0.00000 0.00000 0.00000 0.01462 0.00000 0.10918 0.00000 0.22296 0.00000 0.00072 0.00000 0.18925 0.00000 0.15775 0.00000 
147	3	0.57791 0.00000 0.00108 0.00000 0.02779 0.00000 0.15499 0.00000 0.09727 0.00000 0.00414 0.00000 0.06018 0.00000 0.07665 0.00000 
148	3	0.46462 0.00000 0.01749 0.00000 0.04965 0.00000 0.25322 0.00000 0.07079 0.00000 0.01081 0.00000 0.06742 0.00000 0.06600 0.00000 
149	3	0.37676 0.00000 0.00297 0.00000 0.00293 0.00000 0.44517 0.00000 0.05858 0.00000 0.01960 0.00000 0.01936 0.00000 0.07462 0.00000 
150	3	0.31437 0.00000 0.00497 0.00000 0.00371 0.00000 0.48150 0.00000 0.07061 0.00000 0.02118 0.00000 0.02400 0.00000 0.07965 0.00000 
151	3	0.30792 0.00000 0.01229 0.00000 0.01052 0.00000 0.50700 0.00000 0.05232 0.00000 0.02121 0.00000 0.02480 0.00000 0.06394 0.00000 
152	3	0.41022 0.00000 0.01988 0.00000 0.00805 0.00000 0.40988 0.00000 0.04932 0.00000 0.02787 0.00000 0.01677 0.00000 0.05801 0.00000 
153	3	0.57027 0.00000 0.00079 0.00000 0.03168 0.00000 0.14995 0.00000 0.09403 0.00000 0.00203 0.00000 0.07620 0.00000 0.07504 0.00000 
154	3	0.50087 0.00000 0.00080 0.00000 0.05152 0.00000 0.18553 0.00000 0.09820 0.00000 0.00572 0.00000 0.08000 0.00000 0.07736 0.00000 
155	3	0.35621 0.00000 0.19989 0.00000 0.00000 0.00000 0.26326 0.00000 0.02481 0.00000 0.08007 0.00000 0.00005 0.00000 0.07570 0.00000 
156	3	0.53042 0.00000 0.13663 0.00000 0.00000 0.00000 0.17012 0.00000 0.03690 0.00000 0.07111 0.00000 0.00007 0.00000 0.05475 0.00000 
157	3	0.46439 0.00000 0.22290 0.00000 0.00000 0.00000 0.11096 0.00000 0.01243 0.00000 0.09775 0.00000 0.00007 0.00000 0.09150 0.00000 
158	3	0.31230 0.00000 0.42383 0.00000 0.00000 0.00000 0.02639 0.00000 0.05601 0.00000 0.11822 0.00000 0.00009 0.00000 0.06316 0.00000 
159	3	0.46357 0.00000 0.28172 0.00000 0.00000 0.00000 0.03038 0.00000 0.05888 0.00000 0.10954 0.00000 0.00014 0.00000 0.05577 0.00000 
160	3	0.12039 0.00000 0.67186 0.00000 0.00000 0.00000 0.01602 0.00000 0.02513 0.00000 0.10734 0.00000 0.00001 0.00000 0.05925 0.00000 
161	3	0.78220 0.00000 0.15951 0.00000 0.00000 0.00000 0.00350 0.00000 0.01981 0.00000 0.02470 0.00000 0.00000 0.00000 0.01028 0.00000 
162	3	0.17847 0.00000 0.00000 0.00000 0.20307 0.00000 0.35998 0.00000 0.03580 0.00000 0.00002 0.00000 0.12763 0.00000 0.09502 0.00000 
163	3	0.56550 0.00000 0.20870 0.00000 0.00000 0.00000 0.02410 0.00000 0.04339 0.00000 0.09902 0.00000 0.00007 0.00000 0.05922 0.00000 
164	3	0.50508 0.00000 0.20685 0.00000 0.00000 0.00000 0.05214 0.00000 0.03484 0.00000 0.11547 0.00000 0.00006 0.00000 0.08556 0.00000 
165	3	0.54850 0.00000 0.00002 0.00000 0.06463 0.00000 0.14769 0.00000 0.08047 0.00000 0.00064 0.00000 0.07473 0.00000 0.08331 0.00000 
166	3	0.72967 0.00000 0.00000 0.00000 0.00216 0.00000 0.09426 0.00000 0.07896 0.00000 0.00002 0.00000 0.03322 0.00000 0.06170 0.00000 
167	3	0.74609 0.00000 0.00000 0.00000 0.00574 0.00000 0.10825 0.00000 0.06337 0.00000 0.00002 0.00000 0.02837 0.00000 0.04816 0.00000 
168	3	0.65935 0.00000 0.00000 0.00000 0.00917 0.00000 0.24407 0.00000 0.03400 0.00000 0.00011 0.00000 0.02062 0.00000 0.03268 0.00000 
169	3	0.73282 0.00000 0.00002 0.00000 0.00959 0.00000 0.17190 0.00000 0.02800 0.00000 0.00032 0.00000 0.02303 0.00000 0.03432 0.00000 
170	3	0.52724 0.00000 0.00000 0.00000 0.06770 0.00000 0.11625 0.00000 0.10518 0.00000 0.00041 0.00000 0.10538 0.00000 0.07782 0.00000 
171	3	0.30990 0.00000 0.00000 0.00000 0.01998 0.00000 0.37186 0.00000 0.10265 0.00000 0.00004 0.00000 0.09469 0.00000 0.10088 0.00000 
172	3	0.31818 0.00000 0.00001 0.00000 0.04555 0.00000 0.32165 0.00000 0.10389 0.00000 0.00030 0.00000 0.10779 0.00000 0.10264 0.00000 
173	3	0.64600 0.00000 0.00040 0.00000 0.06513 0.00000 0.13573 0.00000 0.05209 0.00000 0.00241 0.00000 0.05908 0.00000 0.03916 0.00000 
174	3	0.63371 0.00000 0.00000 0.00000 0.01043 0.00000 0.13053 0.00000 0.09728 0.00000 0.00014 0.00000 0.04610 0.00000 0.08181 0.00000 
175	3	0.56903 0.00000 0.00000 0.00000 0.04117 0.00000 0.18624 0.00000 0.07147 0.00000 0.00009 0.00000 0.07448 0.00000 0.05751 0.00000 
176	3	0.57858 0.00000 0.00000 0.00000 0.02318 0.00000 0.14650 0.00000 0.10200 0.00000 0.00006 0.00000 0.07284 0.00000 0.07685 0.00000 
177	3	0.63319 0.00000 0.00000 0.00000 0.02206 0.00000 0.16005 0.00000 0.06807 0.00000 0.00009 0.00000 0.04921 0.00000 0.06734 0.00000 
178	3	0.74674 0.00000 0.00000 0.00000 0.05342 0.00000 0.07660 0.00000 0.04705 0.00000 0.00018 0.00000 0.04070 0.00000 0.03531 0.00000 
179	3	0.66457 0.00000 0.00001 0.00000 0.05951 0.00000 0.10224 0.00000 0.05546 0.00000 0.00029 0.00000 0.06414 0.00000 0.05378 0.00000 
180	3	0.63759 0.00000 0.00000 0.00000 0.10905 0.00000 0.07417 0.00000 0.05845 0.00000 0.00008 0.00000 0.07266 0.00000 0.04800 0.00000 
181	3	0.69584 0.00000 0.00000 0.00000 0.13069 0.00000 0.02087 0.00000 0.05560 0.00000 0.00005 0.00000 0.06553 0.00000 0.03142 0.00000 
182	3	0.37123 0.00000 0.00000 0.00000 0.06912 0.00000 0.17414 0.00000 0.12915 0.00000 0.00014 0.00000 0.14376 0.00000 0.11245 0.00000 
183	3	0.70667 0.00000 0.00000 0.00000 0.12654 0.00000 0.04987 0.00000 0.03637 0.00000 0.00016 0.00000 0.04978 0.00000 0.03061 0.00000 
184	3	0.38261 0.00000 0.00009 0.00000 0.10523 0.00000 0.32213 0.00000 0.05735 0.00000 0.00359 0.00000 0.06757 0.00000 0.06142 0.00000 
185	3	0.34770 0.00000 0.00025 0.00000 0.10045 0.00000 0.31483 0.00000 0.07120 0.00000 0.00587 0.00000 0.08317 0.00000 0.07652 0.00000 
186	3	0.38774 0.00000 0.00000 0.00000 0.04033 0.00000 0.23576 0.00000 0.10713 0.00000 0.00036 0.00000 0.09789 0.00000 0.13078 0.00000 
187	3	0.37535 0.00000 0.00000 0.00000 0.05385 0.00000 0.24497 0.00000 0.10127 0.00000 0.00031 0.00000 0.10370 0.00000 0.12055 0.00000 
188	3	0.35437 0.00000 0.00000 0.00000 0.02918 0.00000 0.26519 0.00000 0.11445 0.00000 0.00066 0.00000 0.09913 0.00000 0.13702 0.00000 
189	3	0.26894 0.00000 0.00012 0.00000 0.16385 0.00000 0.31872 0.00000 0.08233 0.00000 0.00062 0.00000 0.10672 0.00000 0.05869 0.00000 
190	3	0.50263 0.00000 0.00001 0.00000 0.02674 0.00000 0.09805 0.00000 0.14687 0.00000 0.00328 0.00000 0.12142 0.00000 0.10100 0.00000 
191	3	0.32300 0.00000 0.00000 0.00000 0.02232 0.00000 0.20053 0.00000 0.17998 0.00000 0.00472 0.00000 0.12188 0.00000 0.14755 0.00000 
192	3	0.43431 0.00000 0.00000 0.00000 0.00141 0.00000 0.15900 0.00000 0.19388 0.00000 0.00450 0.00000 0.08408 0.00000 0.12282 0.00000 
193	3	0.30826 0.00000 0.00000 0.00000 0.01796 0.00000 0.08858 0.00000 0.21094 0.00000 0.00013 0.00000 0.20360 0.00000 0.17053 0.00000 
194	3	0.52375 0.00000 0.00002 0.00000 0.15727 0.00000 0.21398 0.00000 0.03507 0.00000 0.00032 0.00000 0.03653 0.00000 0.03305 0.00000 
195	3	0.58950 0.00000 0.00000 0.00000 0.06360 0.00000 0.23989 0.00000 0.03647 0.00000 0.00027 0.00000 0.03357 0.00000 0.03670 0.00000 
196	3	0.51574 0.00000 0.00000 0.00000 0.02769 0.00000 0.36508 0.00000 0.02950 0.00000 0.00035 0.00000 0.02815 0.00000 0.03349 0.00000 
197	3	0.65847 0.00000 0.00002 0.00000 0.01896 0.00000 0.19251 0.00000 0.05137 0.00000 0.00082 0.00000 0.04032 0.00000 0.03754 0.00000 
198	3	0.62785 0.00000 0.00000 0.00000 0.05967 0.00000 0.17210 0.00000 0.05903 0.00000 0.00082 0.00000 0.04372 0.00000 0.03681 0.00000 
199	3	0.67102 0.00000 0.00526 0.00000 0.00806 0.00000 0.22926 0.00000 0.03529 0.00000 0.01035 0.00000 0.01266 0.00000 0.02810 0.00000 
200	3	0.53701 0.00000 0.00616 0.00000 0.06849 0.00000 0.29198 0.00000 0.03380 0.00000 0.00813 0.00000 0.02117 0.00000 0.03325 0.00000 
201	3	0.67150 0.00000 0.00000 0.00000 0.13002 0.00000 0.07160 0.00000 0.05305 0.00000 0.00009 0.00000 0.04609 0.00000 0.02763 0.00000 
202	3	0.59110 0.00000 0.00000 0.00000 0.06025 0.00000 0.16444 0.00000 0.06596 0.00000 0.00005 0.00000 0.06953 0.00000 0.04867 0.00000 
203	3	0.58366 0.00000 0.00000 0.00000 0.08166 0.00000 0.14295 0.00000 0.06706 0.00000 0.00009 0.00000 0.07492 0.00000 0.04966 0.00000 
204	3	0.56142 0.00000 0.01250 0.00000 0.07018 0.00000 0.20127 0.00000 0.05003 0.00000 0.00787 0.00000 0.05527 0.00000 0.04147 0.00000 
205	3	0.79964 0.00000 0.00000 0.00000 0.01209 0.00000 0.03178 0.00000 0.05968 0.00000 0.00111 0.00000 0.04992 0.00000 0.04578 0.00000 
206	3	0.79567 0.00000 0.00001 0.00000 0.01804 0.00000 0.03862 0.00000 0.05645 0.00000 0.00098 0.00000 0.04916 0.00000 0.04108 0.00000 
207	3	0.70944 0.00000 0.00000 0.00000 0.09915 0.00000 0.04193 0.00000 0.06067 0.00000 0.00053 0.00000 0.05283 0.00000 0.03545 0.00000 
208	3	0.15599 0.00000 0.00006 0.00000 0.16911 0.00000 0.42867 0.00000 0.05848 0.00000 0.00077 0.00000 0.10187 0.00000 0.08505 0.00000 
209	3	0.32754 0.00000 0.00000 0.00000 0.15949 0.00000 0.29927 0.00000 0.06029 0.00000 0.00027 0.00000 0.08767 0.00000 0.06547 0.00000 
210	4	0.49651 0.00000 0.00000 0.00000 0.03610 0.00000 0.37482 0.00000 0.03696 0.00000 0.00013 0.00000 0.04050 0.00000 0.01498 0.00000 
211	4	0.50538 0.00000 0.00000 0.00000 0.03998 0.00000 0.38967 0.00000 0.02681 0.00000 0.00032 0.00000 0.02080 0.00000 0.01703 0.00000 
212	4	0.49615 0.00000 0.00000 0.00000 0.05790 0.00000 0.38798 0.00000 0.02421 0.00000 0.00112 0.00000 0.01510 0.00000 0.01755 0.00000 
213	4	0.52614 0.00000 0.00000 0.00000 0.17305 0.00000 0.22189 0.00000 0.03088 0.00000 0.00040 0.00000 0.03218 0.00000 0.01545 0.00000 
214	4	0.44617 0.00000 0.00000 0.00000 0.13607 0.00000 0.30119 0.00000 0.03725 0.00000 0.00000 0.00000 0.05266 0.00000 0.02666 0.00000 
215	4	0.41130 0.00000 0.00000 0.00000 0.21180 0.00000 0.26565 0.00000 0.03882 0.00000 0.00001 0.00000 0.05007 0.00000 0.02235 0.00000 
216	4	0.29730 0.00000 0.00000 0.00000 0.40682 0.00000 0.19359 0.00000 0.02308 0.00000 0.00000 0.00000 0.04762 0.00000 0.03159 0.00000 
217	4	0.06935 0.00000 0.00000 0.00000 0.50565 0.00000 0.27262 0.00000 0.04418 0.00000 0.00075 0.00000 0.05948 0.00000 0.04796 0.00000 
218	4	0.78999 0.00000 0.00801 0.00000 0.00000 0.00000 0.13472 0.00000 0.02575 0.00000 0.02025 0.00000 0.00038 0.00000 0.02090 0.00000 
219	4	0.71954 0.00000 0.00002 0.00000 0.00162 0.00000 0.21700 0.00000 0.02879 0.00000 0.00312 0.00000 0.01015 0.00000 0.01976 0.00000 
220	4	0.23177 0.00000 0.00000 0.00000 0.20095 0.00000 0.40889 0.00000 0.06073 0.00000 0.00182 0.00000 0.03913 0.00000 0.05670 0.00000 
221	4	0.49012 0.00000 0.00000 0.00000 0.00431 0.00000 0.44006 0.00000 0.02882 0.00000 0.00169 0.00000 0.01242 0.00000 0.02258 0.00000 
222	4	0.55657 0.00000 0.00000 0.00000 0.03387 0.00000 0.30254 0.00000 0.04780 0.00000 0.00366 0.00000 0.01524 0.00000 0.04032 0.00000 
223	4	0.32003 0.00000 0.00000 0.00000 0.01159 0.00000 0.56957 0.00000 0.03102 0.00000 0.00036 0.00000 0.03263 0.00000 0.03480 0.00000 
224	4	0.40628 0.00000 0.00000 0.00000 0.09215 0.00000 0.33698 0.00000 0.07695 0.00000 0.00012 0.00000 0.06121 0.00000 0.02631 0.00000 
225	4	0.68232 0.00000 0.00000 0.00000 0.00169 0.00000 0.23940 0.00000 0.03780 0.00000 0.00208 0.00000 0.00687 0.00000 0.02984 0.00000 
226	4	0.39488 0.00000 0.00019 0.00000 0.23463 0.00000 0.26844 0.00000 0.03827 0.00000 0.00202 0.00000 0.03389 0.00000 0.02768 0.00000 
227	4	0.32421 0.00000 0.00002 0.00000 0.01759 0.00000 0.47321 0.00000 0.08103 0.00000 0.01657 0.00000 0.01242 0.00000 0.07495 0.00000 
228	4	0.47400 0.00000 0.00000 0.00000 0.13904 0.00000 0.27136 0.00000 0.05440 0.00000 0.00275 0.00000 0.01875 0.00000 0.03969 0.00000 
229	4	0.48898 0.00000 0.00021 0.00000 0.03713 0.00000 0.22569 0.00000 0.11508 0.00000 0.00832 0.00000 0.03078 0.00000 0.09380 0.00000 
230	4	0.61397 0.00000 0.00000 0.00000 0.05685 0.00000 0.25400 0.00000 0.03082 0.00000 0.00091 0.00000 0.02130 0.00000 0.02215 0.00000 
231	4	0.35137 0.00000 0.00000 0.00000 0.15565 0.00000 0.31071 0.00000 0.04106 0.00000 0.00037 0.00000 0.06591 0.00000 0.07492 0.00000 
232	4	0.31085 0.00000 0.01535 0.00000 0.13695 0.00000 0.26407 0.00000 0.11500 0.00000 0.08810 0.00000 0.01718 0.00000 0.05251 0.00000 
233	4	0.37153 0.00000 0.00075 0.00000 0.02657 0.00000 0.30656 0.00000 0.14025 0.00000 0.04100 0.00000 0.00922 0.00000 0.10412 0.00000 
234	4	0.45601 0.00000 0.00004 0.00000 0.19268 0.00000 0.13971 0.00000 0.09869 0.00000 0.01483 0.00000 0.01168 0.00000 0.08636 0.00000 
235	4	0.53808 0.00000 0.00007 0.00000 0.11133 0.00000 0.18976 0.00000 0.07738 0.00000 0.00744 0.00000 0.01104 0.00000 0.06490 0.00000 
236	4	0.51770 0.00000 0.00001 0.00000 0.23575 0.00000 0.19670 0.00000 0.01911 0.00000 0.00065 0.00000 0.01460 0.00000 0.01549 0.00000 
237	4	0.51190 0.00000 0.00016 0.00000 0.07455 0.00000 0.31685 0.00000 0.04066 0.00000 0.00135 0.00000 0.03619 0.00000 0.01832 0.00000 
238	4	0.69851 0.00000 0.00000 0.00000 0.00094 0.00000 0.14657 0.00000 0.06964 0.00000 0.00000 0.00000 0.03001 0.00000 0.05432 0.00000 
239	4	0.68764 0.00000 0.00000 0.00000 0.23683 0.00000 0.01205 0.00000 0.02655 0.00000 0.00000 0.00000 0.02827 0.00000 0.00866 0.00000 
240	4	0.94420 0.00000 0.00000 0.00000 0.00547 0.00000 0.00923 0.00000 0.02157 0.00000 0.00000 0.00000 0.01290 0.00000 0.00662 0.00000 
241	4	0.63623 0.00000 0.00000 0.00000 0.04912 0.00000 0.13160 0.00000 0.06131 0.00000 0.00000 0.00000 0.05591 0.00000 0.06582 0.00000 
242	4	0.62061 0.00000 0.00000 0.00000 0.04536 0.00000 0.15777 0.00000 0.04990 0.00000 0.00000 0.00000 0.06090 0.00000 0.06546 0.00000 
243	4	0.50318 0.00000 0.00000 0.00000 0.04024 0.00000 0.25082 0.00000 0.05091 0.00000 0.00000 0.00000 0.08061 0.00000 0.07425 0.00000 
244	4	0.60372 0.00000 0.00000 0.00000 0.07637 0.00000 0.18210 0.00000 0.04260 0.00000 0.00000 0.00000 0.05998 0.00000 0.03523 0.00000 
245	4	0.63545 0.00000 0.00000 0.00000 0.02144 0.00000 0.16647 0.00000 0.05666 0.00000 0.00000 0.00000 0.06367 0.00000 0.05631 0.00000 
246	4	0.67507 0.00000 0.00000 0.00000 0.01817 0.00000 0.10268 0.00000 0.07247 0.00000 0.00000 0.00000 0.05900 0.00000 0.07261 0.00000 
247	4	0.77117 0.00000 0.00000 0.00000 0.00971 0.00000 0.07706 0.00000 0.06657 0.00000 0.00000 0.00000 0.03097 0.00000 0.04452 0.00000 
248	4	0.47527 0.00000 0.00000 0.00000 0.00111 0.00000 0.30568 0.00000 0.08766 0.00000 0.00000 0.00000 0.04656 0.00000 0.08372 0.00000 
249	4	0.55475 0.00000 0.00000 0.00000 0.20355 0.00000 0.11262 0.00000 0.03967 0.00000 0.00000 0.00000 0.05577 0.00000 0.03364 0.00000 
250	4	0.41427 0.00000 0.00000 0.00000 0.38175 0.00000 0.13952 0.00000 0.02810 0.00000 0.00000 0.00000 0.02192 0.00000 0.01443 0.00000 
251	4	0.56151 0.00000 0.00007 0.00000 0.03956 0.00000 0.22002 0.00000 0.08917 0.00000 0.00528 0.00000 0.01671 0.00000 0.06768 0.00000 
252	4	0.51487 0.00000 0.00000 0.00000 0.00754 0.00000 0.37872 0.00000 0.03885 0.00000 0.00026 0.00000 0.01500 0.00000 0.04476 0.00000 
253	4	0.44556 0.00000 0.00000 0.00000 0.01400 0.00000 0.38931 0.00000 0.05748 0.00000 0.00045 0.00000 0.02482 0.00000 0.06838 0.00000 
254	4	0.56235 0.00000 0.00007 0.00000 0.00392 0.00000 0.32676 0.00000 0.04263 0.00000 0.00138 0.00000 0.01687 0.00000 0.04602 0.00000 
255	4	0.57645 0.00000 0.00002 0.00000 0.00315 0.00000 0.32050 0.00000 0.04221 0.00000 0.00093 0.00000 0.01298 0.00000 0.04375 0.00000 
256	4	0.47400 0.00000 0.00000 0.00000 0.01228 0.00000 0.36871 0.00000 0.05557 0.00000 0.00058 0.00000 0.02306 0.00000 0.06580 0.00000 
257	4	0.37580 0.00000 0.00000 0.00000 0.11324 0.00000 0.37460 0.00000 0.04543 0.00000 0.00003 0.00000 0.04200 0.00000 0.04889 0.00000 
258	4	0.66446 0.00000 0.00005 0.00000 0.01234 0.00000 0.10816 0.00000 0.11155 0.00000 0.01380 0.00000 0.00642 0.00000 0.08322 0.00000 
259	4	0.42199 0.00000 0.00017 0.00000 0.08370 0.00000 0.27320 0.00000 0.10540 0.00000 0.01488 0.00000 0.01925 0.00000 0.08141 0.00000 
260	4	0.40980 0.00000 0.00090 0.00000 0.04802 0.00000 0.30560 0.00000 0.11301 0.00000 0.01812 0.00000 0.01159 0.00000 0.09295 0.00000 
261	4	0.45371 0.00000 0.00000 0.00000 0.31351 0.00000 0.10851 0.00000 0.05861 0.00000 0.00029 0.00000 0.02535 0.00000 0.04002 0.00000 
262	4	0.29965 0.00000 0.00002 0.00000 0.38394 0.00000 0.08638 0.00000 0.10388 0.00000 0.00337 0.00000 0.04691 0.00000 0.07585 0.00000 
263	4	0.39147 0.00000 0.00000 0.00000 0.39502 0.00000 0.05835 0.00000 0.07647 0.00000 0.00451 0.00000 0.01969 0.00000 0.05447 0.00000 
264	4	0.55177 0.00000 0.00000 0.00000 0.01187 0.00000 0.34995 0.00000 0.03287 0.00000 0.00080 0.00000 0.01491 0.00000 0.03782 0.00000 
265	4	0.51939 0.00000 0.00000 0.00000 0.00890 0.00000 0.33542 0.00000 0.05325 0.00000 0.00090 0.00000 0.02020 0.00000 0.06194 0.00000 
266	4	0.49452 0.00000 0.00000 0.00000 0.00453 0.00000 0.39870 0.00000 0.03703 0.00000 0.00046 0.00000 0.01851 0.00000 0.04623 0.00000 
267	4	0.45412 0.00000 0.00000 0.00000 0.01679 0.00000 0.40094 0.00000 0.04775 0.00000 0.00078 0.00000 0.02025 0.00000 0.05936 0.00000 
268	4	0.48987 0.00000 0.00000 0.00000 0.14234 0.00000 0.21123 0.00000 0.05875 0.00000 0.00000 0.00000 0.04509 0.00000 0.05270 0.00000 
269	4	0.56656 0.00000 0.00000 0.00000 0.11628 0.00000 0.16390 0.00000 0.05767 0.00000 0.00002 0.00000 0.04280 0.00000 0.05278 0.00000 
270	4	0.55052 0.00000 0.00000 0.00000 0.03603 0.00000 0.22120 0.00000 0.06957 0.00000 0.00001 0.00000 0.05145 0.00000 0.07121 0.00000 
271	4	0.56601 0.00000 0.00000 0.00000 0.03313 0.00000 0.20647 0.00000 0.06932 0.00000 0.00002 0.00000 0.05287 0.00000 0.07217 0.00000 
272	4	0.67065 0.00000 0.00000 0.00000 0.02007 0.00000 0.10497 0.00000 0.06552 0.00000 0.00000 0.00000 0.06900 0.00000 0.06978 0.00000 
273	4	0.61097 0.00000 0.00000 0.00000 0.02844 0.00000 0.16703 0.00000 0.06860 0.00000 0.00000 0.00000 0.05384 0.00000 0.07112 0.00000 
274	4	0.61501 0.00000 0.00000 0.00000 0.11850 0.00000 0.11571 0.00000 0.05374 0.00000 0.00000 0.00000 0.04722 0.00000 0.04982 0.00000 
275	4	0.37989 0.00000 0.00539 0.00000 0.21489 0.00000 0.20561 0.00000 0.07451 0.00000 0.03297 0.00000 0.02529 0.00000 0.06145 0.00000 
276	4	0.13500 0.00000 0.03309 0.00000 0.13548 0.00000 0.57489 0.00000 0.04455 0.00000 0.01591 0.00000 0.01361 0.00000 0.04747 0.00000 
277	4	0.60976 0.00000 0.00622 0.00000 0.00001 0.00000 0.22473 0.00000 0.06120 0.00000 0.04087 0.00000 0.00105 0.00000 0.05615 0.00000 
278	4	0.62527 0.00000 0.00829 0.00000 0.00000 0.00000 0.21864 0.00000 0.05338 0.00000 0.04362 0.00000 0.00003 0.00000 0.05076 0.00000 
279	4	0.75852 0.00000 0.04294 0.00000 0.00000 0.00000 0.06775 0.00000 0.03907 0.00000 0.05655 0.00000 0.00000 0.00000 0.03516 0.00000 
280	5	0.31439 0.00000 0.00000 0.00000 0.07387 0.00000 0.52887 0.00000 0.02364 0.00000 0.00010 0.00000 0.03455 0.00000 0.02459 0.00000 
281	5	0.63367 0.00000 0.00000 0.00000 0.11096 0.00000 0.11818 0.00000 0.05543 0.00000 0.00000 0.00000 0.04702 0.00000 0.03473 0.00000 
282	5	0.47452 0.00000 0.00000 0.00000 0.03384 0.00000 0.28817 0.00000 0.07050 0.00000 0.00004 0.00000 0.07757 0.00000 0.05536 0.00000 
283	5	0.15219 0.00000 0.00000 0.00000 0.20891 0.00000 0.54631 0.00000 0.02214 0.00000 0.00000 0.00000 0.04230 0.00000 0.02816 0.00000 
284	5	0.24813 0.00000 0.00000 0.00000 0.21504 0.00000 0.42522 0.00000 0.02698 0.00000 0.00000 0.00000 0.05306 0.00000 0.03157 0.00000 
285	5	0.19765 0.00000 0.00000 0.00000 0.36138 0.00000 0.37326 0.00000 0.02420 0.00000 0.00000 0.00000 0.03151 0.00000 0.01199 0.00000 
286	5	0.55928 0.00000 0.00000 0.00000 0.03835 0.00000 0.35452 0.00000 0.02105 0.00000 0.00000 0.00000 0.01738 0.00000 0.00941 0.00000 
287	5	0.51133 0.00000 0.00000 0.00000 0.16977 0.00000 0.12426 0.00000 0.07869 0.00000 0.00000 0.00000 0.08730 0.00000 0.02865 0.00000 
288	5	0.38484 0.00000 0.00003 0.00000 0.01260 0.00000 0.38434 0.00000 0.08569 0.00000 0.00270 0.00000 0.05295 0.00000 0.07684 0.00000 
289	5	0.11515 0.00000 0.00000 0.00000 0.30329 0.00000 0.48277 0.00000 0.01716 0.00000 0.00000 0.00000 0.04688 0.00000 0.03475 0.00000 
290	5	0.15263 0.00000 0.00000 0.00000 0.34124 0.00000 0.40427 0.00000 0.02074 0.00000 0.00000 0.00000 0.04903 0.00000 0.03209 0.00000 
291	5	0.35122 0.00000 0.00000 0.00000 0.45290 0.00000 0.09703 0.00000 0.02790 0.00000 0.00000 0.00000 0.05177 0.00000 0.01917 0.00000 
292	5	0.23328 0.00000 0.00000 0.00000 0.18447 0.00000 0.47948 0.00000 0.02477 0.00000 0.00000 0.00000 0.04632 0.00000 0.03168 0.00000 
293	5	0.49741 0.00000 0.00000 0.00000 0.35175 0.00000 0.07458 0.00000 0.02777 0.00000 0.00000 0.00000 0.03662 0.00000 0.01187 0.00000 
294	5	0.22287 0.00000 0.00000 0.00000 0.56352 0.00000 0.12867 0.00000 0.02177 0.00000 0.00000 0.00000 0.04369 0.00000 0.01949 0.00000 
295	5	0.58970 0.00000 0.00677 0.00000 0.00652 0.00000 0.29929 0.00000 0.03894 0.00000 0.01782 0.00000 0.01352 0.00000 0.02743 0.00000 
296	5	0.32903 0.00000 0.00003 0.00000 0.05065 0.00000 0.40597 0.00000 0.07039 0.00000 0.00197 0.00000 0.07243 0.00000 0.06952 0.00000 
