350	5	16
0	1	0.00000 0.00000 0.00236 0.00665 0.09483 0.17660 0.46950 0.02639 0.00000 0.00170 0.01527 0.03081 0.04231 0.06548 0.06104 0.00705 
1	1	0.00000 0.00010 0.00283 0.00017 0.00202 0.00405 0.63948 0.15576 0.00020 0.00618 0.01627 0.01819 0.03077 0.05038 0.06215 0.01145 
2	1	0.00000 0.00000 0.00474 0.00579 0.01189 0.24055 0.39450 0.05483 0.00000 0.00406 0.02927 0.04915 0.06153 0.07700 0.05756 0.00913 
3	1	0.00000 0.00392 0.00645 0.00277 0.00683 0.23384 0.26116 0.06590 0.00016 0.03103 0.06135 0.06972 0.08352 0.09275 0.06903 0.01155 
4	1	0.00000 0.00000 0.07732 0.00645 0.00573 0.07067 0.38409 0.02097 0.00000 0.00488 0.08052 0.07497 0.07069 0.09358 0.09362 0.01649 
5	1	0.00000 0.00001 0.01044 0.00175 0.00818 0.01523 0.50247 0.11552 0.00011 0.00572 0.04020 0.05022 0.06957 0.08968 0.08041 0.01047 
6	1	0.00000 0.00000 0.01239 0.00206 0.00274 0.01377 0.41823 0.18347 0.00008 0.00613 0.04170 0.05142 0.06983 0.09178 0.08960 0.01680 
7	1	0.00000 0.00012 0.02021 0.01524 0.00508 0.01825 0.48512 0.02744 0.00017 0.01428 0.06517 0.07683 0.07974 0.09661 0.08336 0.01238 
8	1	0.00000 0.00111 0.00392 0.01675 0.18354 0.07966 0.16175 0.00363 0.00037 0.01304 0.04908 0.10973 0.16662 0.13369 0.07116 0.00597 
9	1	0.00000 0.00008 0.01195 0.00323 0.01367 0.03416 0.43917 0.05066 0.00015 0.01532 0.05897 0.07257 0.09502 0.11150 0.08453 0.00900 
10	1	0.00000 0.00267 0.00175 0.01034 0.04042 0.16695 0.37436 0.08879 0.00009 0.00360 0.01372 0.04890 0.10029 0.09438 0.04395 0.00980 
11	1	0.00000 0.00113 0.00558 0.00378 0.01452 0.18636 0.33449 0.04177 0.00055 0.02414 0.05561 0.06967 0.09103 0.10405 0.06220 0.00512 
12	1	0.00000 0.00020 0.00615 0.00331 0.01240 0.14545 0.38452 0.05062 0.00033 0.01265 0.04402 0.05948 0.08303 0.10431 0.07864 0.01489 
13	1	0.00000 0.00027 0.00580 0.00309 0.08600 0.34860 0.21643 0.12953 0.00000 0.00284 0.01570 0.02201 0.04524 0.06180 0.04563 0.01705 
14	1	0.00001 0.01510 0.05080 0.20283 0.26056 0.16633 0.02637 0.01062 0.00169 0.02788 0.04752 0.06401 0.07005 0.04270 0.01144 0.00208 
15	1	0.00000 0.00176 0.00827 0.01289 0.05870 0.00395 0.32485 0.22814 0.00050 0.02109 0.06593 0.08290 0.06286 0.03967 0.05820 0.03028 
16	1	0.00000 0.00001 0.00163 0.00756 0.14557 0.00131 0.48748 0.12204 0.00001 0.00262 0.01558 0.05354 0.07000 0.02215 0.04271 0.02777 
17	1	0.00000 0.00064 0.00966 0.00755 0.07554 0.00182 0.23122 0.36762 0.00004 0.01964 0.06088 0.06695 0.04991 0.02444 0.04877 0.03531 
18	1	0.00000 0.00035 0.00732 0.00902 0.12342 0.00181 0.22185 0.28832 0.00003 0.01680 0.05986 0.07379 0.06765 0.03273 0.05850 0.03852 
19	1	0.00000 0.00017 0.00100 0.00707 0.03991 0.01920 0.33658 0.16160 0.00040 0.00437 0.02690 0.08515 0.14689 0.10360 0.05433 0.01283 
20	1	0.00000 0.00016 0.00306 0.01347 0.02870 0.01283 0.04443 0.26029 0.00009 0.00758 0.05097 0.14315 0.19945 0.14006 0.07438 0.02139 
21	1	0.00000 0.01945 0.01355 0.01795 0.02488 0.07640 0.31538 0.01450 0.00009 0.03157 0.06790 0.09067 0.11333 0.12222 0.08005 0.01205 
22	1	0.00000 0.00000 0.00320 0.00359 0.01157 0.03277 0.42933 0.20797 0.00001 0.00094 0.00937 0.03577 0.08494 0.09705 0.06509 0.01840 
23	1	0.00000 0.00003 0.00501 0.01023 0.04015 0.00820 0.42171 0.23048 0.00001 0.00330 0.01974 0.05757 0.08575 0.05687 0.04492 0.01602 
24	1	0.00000 0.00019 0.00407 0.03253 0.01871 0.23961 0.46597 0.02352 0.00002 0.00579 0.02127 0.05478 0.05827 0.04242 0.02778 0.00507 
25	1	0.00004 0.00302 0.00193 0.00104 0.00290 0.17019 0.25651 0.12531 0.01340 0.03484 0.04560 0.05523 0.07302 0.09463 0.09005 0.03229 
26	1	0.00000 0.00091 0.00238 0.00555 0.03540 0.17709 0.39120 0.02602 0.00005 0.00467 0.01881 0.05595 0.11813 0.11104 0.04579 0.00700 
27	1	0.00000 0.00062 0.00599 0.00375 0.05848 0.24697 0.20517 0.08280 0.00039 0.02740 0.06237 0.06836 0.08718 0.07623 0.05297 0.02132 
28	1	0.00000 0.00000 0.00164 0.00312 0.00408 0.06425 0.63263 0.01493 0.00000 0.00157 0.01186 0.02933 0.05597 0.09688 0.07290 0.01081 
29	1	0.00000 0.00000 0.00137 0.00293 0.00835 0.10160 0.63064 0.00364 0.00001 0.00107 0.00907 0.02389 0.06118 0.10123 0.05122 0.00380 
30	1	0.00000 0.00007 0.00372 0.00520 0.00474 0.06242 0.26153 0.35341 0.00005 0.00240 0.01637 0.03119 0.04772 0.09020 0.08960 0.03137 
31	1	0.00000 0.00002 0.00243 0.00473 0.00406 0.05959 0.19704 0.48618 0.00002 0.00127 0.01107 0.02375 0.03797 0.07374 0.07075 0.02736 
32	1	0.00000 0.00000 0.00666 0.00705 0.04559 0.00260 0.55336 0.11040 0.00002 0.00279 0.02142 0.04926 0.06727 0.04838 0.06244 0.02275 
33	1	0.00000 0.00186 0.01754 0.03584 0.05302 0.07670 0.24406 0.04215 0.00014 0.01519 0.09358 0.17337 0.15294 0.06270 0.02359 0.00733 
34	1	0.00000 0.00003 0.00598 0.03022 0.03764 0.16701 0.46284 0.01718 0.00000 0.00118 0.02781 0.07722 0.08819 0.05847 0.02221 0.00400 
35	1	0.00000 0.00065 0.00186 0.00219 0.00982 0.20277 0.31315 0.16404 0.00006 0.00518 0.01489 0.02845 0.06807 0.10566 0.06639 0.01682 
36	1	0.00000 0.00060 0.00183 0.00138 0.00530 0.20666 0.25858 0.24269 0.00006 0.00578 0.01441 0.02755 0.05757 0.09097 0.06470 0.02192 
37	1	0.00000 0.07433 0.00866 0.08465 0.09373 0.03212 0.33373 0.01025 0.00132 0.07115 0.07121 0.05020 0.04409 0.04638 0.05910 0.01907 
38	1	0.00000 0.00080 0.01050 0.00431 0.00915 0.08812 0.38311 0.00678 0.00008 0.00827 0.03598 0.06357 0.10300 0.15239 0.11817 0.01576 
39	1	0.00000 0.00039 0.02585 0.00942 0.03456 0.09570 0.19032 0.00207 0.00008 0.01237 0.06663 0.12456 0.18623 0.17329 0.07355 0.00499 
40	1	0.00000 0.00030 0.00631 0.00338 0.03807 0.14250 0.35784 0.01974 0.00004 0.00465 0.02415 0.05667 0.13975 0.14437 0.05534 0.00690 
41	1	0.00000 0.00002 0.00278 0.00548 0.05524 0.11760 0.42768 0.03522 0.00002 0.00165 0.01142 0.05481 0.13418 0.10975 0.03722 0.00692 
42	1	0.00000 0.00006 0.00161 0.02144 0.04262 0.22649 0.41238 0.02755 0.00004 0.00171 0.01642 0.06377 0.08989 0.06216 0.02777 0.00607 
43	1	0.00000 0.00095 0.00220 0.00020 0.00508 0.04038 0.49456 0.12400 0.00067 0.01504 0.02619 0.02579 0.04243 0.10885 0.10620 0.00745 
44	1	0.00000 0.00017 0.00047 0.00005 0.00178 0.07123 0.49918 0.07278 0.00025 0.00460 0.00860 0.01077 0.02012 0.14547 0.15890 0.00564 
45	1	0.00000 0.00034 0.12166 0.00932 0.00391 0.06603 0.28484 0.01527 0.00017 0.01912 0.11506 0.07968 0.06788 0.08531 0.09871 0.03270 
46	1	0.00000 0.00003 0.00505 0.00387 0.02426 0.23478 0.46738 0.01447 0.00018 0.00781 0.03435 0.04623 0.05615 0.05907 0.04197 0.00438 
47	1	0.00000 0.00000 0.00247 0.00309 0.01802 0.32727 0.42124 0.03773 0.00002 0.00225 0.01730 0.03098 0.04162 0.05152 0.03905 0.00744 
48	1	0.00000 0.00012 0.00691 0.00291 0.02843 0.25762 0.20149 0.10480 0.00028 0.02302 0.05879 0.06653 0.08930 0.08397 0.05328 0.02253 
49	1	0.00000 0.00006 0.00132 0.00215 0.05553 0.34609 0.33129 0.04492 0.00012 0.00414 0.01390 0.02193 0.03095 0.07210 0.06773 0.00775 
50	1	0.00000 0.00000 0.00135 0.00232 0.00941 0.36450 0.39223 0.03745 0.00003 0.00191 0.01262 0.02456 0.03787 0.06009 0.04879 0.00686 
51	1	0.00000 0.00030 0.00469 0.00397 0.01059 0.01332 0.38351 0.28810 0.00040 0.00947 0.02993 0.04083 0.05649 0.07480 0.07290 0.01067 
52	1	0.00000 0.00003 0.00475 0.00115 0.00207 0.01425 0.54649 0.11525 0.00036 0.01064 0.03124 0.03791 0.04939 0.08405 0.09338 0.00902 
53	1	0.00000 0.00124 0.00215 0.00775 0.00152 0.10154 0.51640 0.08050 0.00002 0.01151 0.02267 0.03128 0.04837 0.08678 0.07773 0.01055 
54	1	0.00000 0.00000 0.00612 0.00662 0.00042 0.00747 0.69602 0.05157 0.00001 0.00502 0.01607 0.02240 0.02874 0.05693 0.08378 0.01881 
55	1	0.00000 0.00145 0.00449 0.00000 0.00000 0.22674 0.61292 0.01587 0.00002 0.01995 0.02795 0.00807 0.00884 0.03201 0.03875 0.00293 
56	1	0.00000 0.00030 0.01140 0.00000 0.00000 0.00000 0.81865 0.05848 0.00000 0.01216 0.02788 0.00807 0.00834 0.01162 0.03455 0.00855 
57	1	0.00000 0.00032 0.00268 0.09054 0.01817 0.00155 0.59304 0.03291 0.00002 0.00876 0.02874 0.10985 0.06452 0.01092 0.02768 0.01028 
58	1	0.00000 0.00078 0.00524 0.03813 0.04794 0.00077 0.46830 0.07256 0.00010 0.01666 0.04824 0.12941 0.10264 0.01417 0.03760 0.01745 
59	1	0.00000 0.00657 0.00287 0.00377 0.06971 0.20072 0.26377 0.04119 0.00089 0.03913 0.05426 0.06284 0.08490 0.09691 0.05957 0.01290 
60	1	0.00000 0.00053 0.01048 0.00911 0.15466 0.00163 0.37980 0.08469 0.00003 0.02030 0.06374 0.09169 0.08929 0.02379 0.04407 0.02617 
61	1	0.00000 0.00085 0.00533 0.02995 0.05905 0.00070 0.46911 0.06138 0.00017 0.01659 0.04526 0.12170 0.10499 0.01650 0.04241 0.02602 
62	1	0.00000 0.00003 0.00394 0.06097 0.28197 0.30493 0.23953 0.01939 0.00013 0.00137 0.01200 0.01922 0.01655 0.01511 0.01734 0.00751 
63	1	0.00000 0.00016 0.00171 0.08641 0.13827 0.30327 0.32350 0.03150 0.00041 0.00314 0.01313 0.02570 0.01925 0.01775 0.02373 0.01207 
64	1	0.00000 0.00156 0.13379 0.08577 0.00185 0.00221 0.31522 0.00202 0.00021 0.02160 0.18997 0.16207 0.03149 0.02764 0.02228 0.00230 
65	1	0.00000 0.00433 0.24061 0.01862 0.00087 0.00728 0.42106 0.00702 0.00002 0.04556 0.14290 0.05881 0.01843 0.01634 0.01568 0.00246 
66	1	0.00000 0.02023 0.16147 0.00189 0.00165 0.31411 0.23324 0.00249 0.00020 0.06171 0.09173 0.02370 0.01682 0.03826 0.03054 0.00197 
67	1	0.00000 0.01126 0.04518 0.06296 0.01004 0.00184 0.13397 0.22804 0.00026 0.03099 0.15810 0.17265 0.06958 0.02685 0.03266 0.01562 
68	1	0.00000 0.00000 0.00997 0.00657 0.00722 0.24831 0.26794 0.05610 0.00004 0.00235 0.04320 0.07129 0.08374 0.10301 0.07917 0.02109 
69	1	0.00000 0.00000 0.00399 0.00744 0.00834 0.24316 0.40858 0.06467 0.00000 0.00125 0.02577 0.05145 0.06192 0.06714 0.04599 0.01030 
70	2	0.00000 0.03593 0.03978 0.05905 0.20938 0.02475 0.05262 0.00085 0.00085 0.05427 0.08686 0.09677 0.15665 0.10910 0.06163 0.01149 
71	2	0.00000 0.06148 0.04191 0.01159 0.23524 0.04036 0.05104 0.00234 0.00150 0.07051 0.10242 0.06642 0.12642 0.11420 0.06021 0.01437 
72	2	0.00000 0.04792 0.04364 0.03925 0.20637 0.03285 0.07920 0.00057 0.00079 0.05462 0.09224 0.09771 0.13547 0.09920 0.06253 0.00760 
73	2	0.00000 0.06639 0.02714 0.16699 0.04273 0.03673 0.05960 0.00084 0.00220 0.06115 0.09296 0.14496 0.13637 0.09451 0.05757 0.00986 
74	2	0.00000 0.07764 0.02801 0.03912 0.14386 0.02634 0.12332 0.00030 0.00317 0.07266 0.08740 0.10788 0.15135 0.07907 0.05318 0.00670 
75	2	0.00037 0.00084 0.00612 0.04821 0.32042 0.07205 0.00257 0.00099 0.00065 0.00337 0.02477 0.15887 0.26526 0.08320 0.00933 0.00296 
76	2	0.00000 0.00027 0.00522 0.02676 0.16624 0.24920 0.04896 0.00597 0.00001 0.00077 0.00911 0.05597 0.17561 0.18001 0.06914 0.00675 
77	2	0.00001 0.00160 0.01275 0.12481 0.45981 0.12502 0.04966 0.00142 0.00029 0.00271 0.01296 0.05522 0.08961 0.04569 0.01553 0.00290 
78	2	0.00045 0.02723 0.03247 0.04212 0.03989 0.51054 0.05202 0.01005 0.00237 0.02336 0.05862 0.05995 0.03317 0.05408 0.04246 0.01121 
79	2	0.00001 0.02056 0.02633 0.02534 0.08345 0.52096 0.03779 0.00478 0.00037 0.02263 0.05825 0.06165 0.04246 0.05384 0.03460 0.00697 
80	2	0.00000 0.00473 0.03129 0.01703 0.00728 0.41321 0.00097 0.00043 0.00061 0.01953 0.10045 0.13752 0.12963 0.09382 0.03643 0.00706 
81	2	0.00000 0.00424 0.01103 0.01354 0.02433 0.23981 0.43471 0.06064 0.00009 0.00385 0.01132 0.02260 0.03227 0.06795 0.06152 0.01210 
82	2	0.00608 0.02070 0.07664 0.18350 0.22041 0.04072 0.06850 0.03358 0.00575 0.01937 0.03513 0.07315 0.10190 0.06015 0.03402 0.02038 
83	2	0.00074 0.03696 0.09521 0.27877 0.06256 0.04053 0.16093 0.01679 0.00190 0.01638 0.03767 0.06835 0.07477 0.05021 0.04064 0.01759 
84	2	0.00000 0.00362 0.08077 0.40711 0.15058 0.00948 0.04425 0.01830 0.00007 0.00379 0.03089 0.10937 0.09388 0.01999 0.01967 0.00824 
85	2	0.00041 0.01813 0.16635 0.36672 0.04018 0.03380 0.06198 0.02114 0.00085 0.00965 0.04077 0.08964 0.07522 0.03857 0.02521 0.01138 
86	2	0.00247 0.03000 0.06347 0.13561 0.28550 0.07086 0.09677 0.00447 0.00164 0.01470 0.03275 0.06427 0.09270 0.06327 0.03310 0.00842 
87	2	0.00000 0.01886 0.09518 0.14324 0.22771 0.05602 0.12073 0.00190 0.00063 0.02081 0.05418 0.08224 0.08681 0.05880 0.02810 0.00479 
88	2	0.00030 0.02578 0.10674 0.20377 0.18435 0.05461 0.08116 0.00365 0.00086 0.01891 0.05257 0.08484 0.08947 0.05704 0.03032 0.00563 
89	2	0.00123 0.13422 0.07775 0.01415 0.18138 0.26902 0.01147 0.00120 0.00237 0.04894 0.06518 0.02637 0.06784 0.07561 0.01875 0.00450 
90	2	0.00056 0.02467 0.06575 0.06918 0.26220 0.24229 0.01690 0.00585 0.00134 0.00787 0.02645 0.04274 0.09934 0.10525 0.02549 0.00410 
91	2	0.00000 0.00005 0.00009 0.00030 0.00111 0.83263 0.00127 0.00003 0.00007 0.00113 0.00481 0.01515 0.03948 0.06632 0.03306 0.00450 
92	2	0.00000 0.00496 0.04816 0.07123 0.25452 0.16053 0.09146 0.00087 0.00009 0.01297 0.04436 0.08092 0.11164 0.08128 0.03529 0.00171 
93	2	0.00000 0.00056 0.04618 0.14827 0.09999 0.16901 0.00805 0.00002 0.00001 0.00227 0.05640 0.13790 0.17169 0.13202 0.02689 0.00075 
94	2	0.00000 0.00135 0.08227 0.04851 0.12490 0.14919 0.03750 0.00006 0.00009 0.01561 0.10375 0.14309 0.15542 0.10632 0.03135 0.00057 
95	2	0.00000 0.00022 0.04240 0.10252 0.11096 0.27438 0.01372 0.00019 0.00002 0.00242 0.04977 0.11419 0.15017 0.11980 0.01863 0.00060 
96	2	0.00000 0.00058 0.12056 0.05282 0.10741 0.17333 0.09591 0.00007 0.00010 0.01020 0.05705 0.09238 0.12335 0.11816 0.04761 0.00044 
97	2	0.00000 0.00076 0.08981 0.10888 0.21184 0.09963 0.03268 0.00056 0.00002 0.00152 0.05777 0.12856 0.14434 0.09676 0.02582 0.00104 
98	2	0.00000 0.00011 0.13030 0.04443 0.17684 0.24249 0.05407 0.00022 0.00002 0.00150 0.04075 0.07712 0.09428 0.09256 0.04454 0.00076 
99	2	0.00000 0.00043 0.00253 0.34057 0.07140 0.22178 0.05341 0.00048 0.00010 0.00141 0.00897 0.04646 0.09670 0.11423 0.04040 0.00113 
100	2	0.00002 0.00062 0.22030 0.01311 0.23557 0.17492 0.05273 0.00005 0.00047 0.00148 0.01355 0.02775 0.10425 0.11584 0.03890 0.00042 
101	2	0.00000 0.00022 0.00077 0.22317 0.03279 0.37066 0.15818 0.00248 0.00000 0.00089 0.00164 0.01379 0.05352 0.09626 0.04174 0.00388 
102	2	0.00000 0.00104 0.00929 0.00481 0.40180 0.01320 0.00077 0.00012 0.00022 0.01089 0.06198 0.11877 0.18743 0.14087 0.04247 0.00631 
103	2	0.00004 0.00740 0.04339 0.15287 0.12485 0.17597 0.01620 0.00000 0.00105 0.01553 0.07557 0.14099 0.13830 0.08704 0.02075 0.00004 
104	2	0.00000 0.01785 0.07307 0.18140 0.16645 0.12020 0.00128 0.00000 0.00015 0.01957 0.08435 0.12230 0.13163 0.07887 0.00284 0.00003 
105	2	0.00051 0.22721 0.05460 0.08716 0.07531 0.07092 0.04547 0.00038 0.00307 0.03222 0.09462 0.13187 0.09440 0.05735 0.02377 0.00114 
106	2	0.00000 0.00737 0.05630 0.19981 0.07464 0.14133 0.01410 0.00048 0.00021 0.02844 0.12781 0.18088 0.09972 0.05247 0.01567 0.00076 
107	2	0.00000 0.00205 0.06962 0.09949 0.15590 0.27397 0.00498 0.00000 0.00004 0.00991 0.06193 0.10592 0.12685 0.07991 0.00940 0.00002 
108	2	0.00000 0.10551 0.06028 0.04280 0.18110 0.10442 0.05791 0.00026 0.00003 0.03790 0.06890 0.09265 0.12914 0.08465 0.03327 0.00115 
109	2	0.00000 0.16231 0.06024 0.02322 0.07405 0.13620 0.04682 0.00058 0.00004 0.05266 0.08092 0.08224 0.11971 0.11257 0.04695 0.00149 
110	2	0.00000 0.00119 0.00054 0.16504 0.14989 0.23479 0.11009 0.00010 0.00011 0.00169 0.00400 0.04724 0.11951 0.12151 0.04377 0.00054 
111	2	0.00000 0.01205 0.00756 0.07190 0.08090 0.18605 0.03421 0.00058 0.00013 0.00543 0.01810 0.09557 0.20185 0.21240 0.06879 0.00446 
112	2	0.00000 0.00098 0.02925 0.04615 0.35465 0.19253 0.09039 0.00046 0.00004 0.00482 0.03821 0.05947 0.07684 0.07558 0.02885 0.00178 
113	2	0.00000 0.00000 0.00332 0.00831 0.18954 0.28218 0.00124 0.00023 0.00000 0.00159 0.02647 0.08855 0.18544 0.16402 0.04302 0.00609 
114	2	0.00000 0.00188 0.01874 0.02397 0.08213 0.16623 0.00086 0.00014 0.00021 0.01210 0.09360 0.18134 0.20160 0.16093 0.04804 0.00824 
115	2	0.00000 0.00037 0.03105 0.04224 0.03357 0.16227 0.00070 0.00002 0.00017 0.01209 0.13167 0.22089 0.19527 0.12673 0.03823 0.00474 
116	2	0.00000 0.01559 0.01120 0.07112 0.08389 0.17872 0.00201 0.00005 0.00157 0.02100 0.05180 0.15922 0.21122 0.14224 0.04584 0.00452 
117	2	0.00010 0.02257 0.05594 0.02744 0.18595 0.24138 0.07593 0.00402 0.00167 0.02685 0.05420 0.04215 0.09568 0.11235 0.04597 0.00779 
118	2	0.00000 0.00000 0.00002 0.00572 0.15918 0.40110 0.27107 0.00042 0.00000 0.00024 0.00095 0.01412 0.05360 0.06431 0.02736 0.00188 
119	2	0.00000 0.00188 0.07702 0.02943 0.08902 0.46972 0.11337 0.00302 0.00001 0.00765 0.06664 0.05522 0.01178 0.03892 0.03330 0.00304 
120	2	0.00000 0.00022 0.03967 0.01006 0.08974 0.54501 0.04867 0.00015 0.00002 0.00477 0.04979 0.06346 0.06566 0.06301 0.01887 0.00087 
121	2	0.00000 0.00230 0.02052 0.00643 0.12607 0.56277 0.04555 0.00108 0.00004 0.00786 0.04035 0.05297 0.05969 0.05371 0.01885 0.00179 
122	2	0.00000 0.01826 0.01094 0.08591 0.16145 0.02142 0.28086 0.00224 0.00006 0.00874 0.02343 0.11655 0.15557 0.06716 0.04015 0.00726 
123	2	0.00000 0.00044 0.00100 0.00099 0.13395 0.60906 0.00033 0.00002 0.00007 0.00202 0.01064 0.03198 0.09321 0.09367 0.02005 0.00257 
124	2	0.00000 0.00011 0.02003 0.17577 0.13038 0.09070 0.16037 0.00165 0.00000 0.00150 0.01806 0.12338 0.13743 0.07804 0.05450 0.00806 
125	2	0.00000 0.04196 0.03788 0.26113 0.07244 0.04347 0.08015 0.00107 0.00039 0.00946 0.06167 0.16181 0.11704 0.06398 0.04174 0.00581 
126	2	0.00000 0.00015 0.00277 0.04747 0.04208 0.24536 0.01267 0.00025 0.00005 0.00145 0.03600 0.12940 0.17962 0.19135 0.10136 0.01002 
127	2	0.00000 0.00031 0.01560 0.00997 0.17040 0.08352 0.00068 0.00005 0.00012 0.00873 0.09569 0.17104 0.22058 0.17730 0.04117 0.00482 
128	2	0.00000 0.00006 0.00082 0.09242 0.01130 0.35182 0.37089 0.00016 0.00000 0.00044 0.00888 0.05051 0.04605 0.03971 0.02481 0.00214 
129	2	0.00000 0.00006 0.00092 0.11313 0.01258 0.30979 0.34317 0.00082 0.00000 0.00050 0.01721 0.08020 0.05389 0.03864 0.02611 0.00298 
130	2	0.00000 0.00000 0.01745 0.02001 0.00706 0.57718 0.10192 0.00004 0.00002 0.00245 0.05173 0.07211 0.05056 0.06251 0.03514 0.00181 
131	2	0.00000 0.00047 0.00357 0.01040 0.06001 0.24072 0.00508 0.00009 0.00005 0.00525 0.05107 0.12960 0.17432 0.20539 0.10434 0.00963 
132	2	0.00000 0.00062 0.00282 0.05827 0.05096 0.02275 0.29252 0.00390 0.00010 0.00202 0.02845 0.08105 0.14620 0.16585 0.12390 0.02060 
133	2	0.00000 0.00011 0.01646 0.01059 0.04521 0.13622 0.00077 0.00004 0.00006 0.00872 0.10127 0.17735 0.22440 0.20687 0.06383 0.00808 
134	2	0.00000 0.01380 0.04977 0.01315 0.07145 0.56507 0.00189 0.00007 0.00010 0.02746 0.06585 0.06184 0.05472 0.05247 0.02046 0.00191 
135	2	0.00031 0.04556 0.08276 0.33964 0.10777 0.04892 0.02812 0.00527 0.00275 0.01893 0.04524 0.10361 0.10218 0.04690 0.01911 0.00291 
136	2	0.00095 0.05233 0.08835 0.21360 0.16407 0.06355 0.05239 0.01352 0.00297 0.02187 0.03821 0.08866 0.10701 0.04799 0.03185 0.01271 
137	2	0.00000 0.00272 0.08430 0.03685 0.01802 0.48732 0.00105 0.00004 0.00007 0.01046 0.08175 0.11339 0.08060 0.06135 0.01950 0.00257 
138	2	0.00001 0.09371 0.01256 0.07912 0.05075 0.08458 0.09215 0.00009 0.00356 0.03528 0.06079 0.13779 0.16887 0.12131 0.05575 0.00369 
139	2	0.00000 0.08646 0.01174 0.06792 0.07510 0.02753 0.02415 0.00040 0.00227 0.03861 0.06017 0.14920 0.21597 0.16251 0.07108 0.00687 
140	3	0.00000 0.03118 0.21351 0.16516 0.07736 0.09298 0.07662 0.01111 0.00002 0.01977 0.07765 0.08599 0.06210 0.05332 0.02907 0.00415 
141	3	0.00066 0.04593 0.10091 0.12428 0.13563 0.09927 0.08519 0.03042 0.00216 0.02552 0.05662 0.07688 0.08016 0.07220 0.04858 0.01558 
142	3	0.00000 0.08136 0.26839 0.10431 0.06886 0.06855 0.07056 0.01040 0.00001 0.03895 0.08543 0.06152 0.05945 0.05569 0.02371 0.00280 
143	3	0.00000 0.07234 0.11811 0.13179 0.12117 0.08161 0.06649 0.00465 0.00033 0.02485 0.06951 0.09965 0.10240 0.07576 0.02935 0.00197 
144	3	0.00000 0.01205 0.09124 0.01631 0.01680 0.01882 0.03827 0.00016 0.00026 0.06753 0.15657 0.15042 0.17583 0.17232 0.07897 0.00443 
145	3	0.00000 0.00245 0.01971 0.02770 0.06062 0.07310 0.00923 0.00009 0.00007 0.01626 0.07880 0.16757 0.25277 0.22007 0.06812 0.00345 
146	3	0.00000 0.00034 0.03408 0.01517 0.02183 0.03063 0.05966 0.00308 0.00001 0.00917 0.08932 0.15444 0.23289 0.23830 0.10298 0.00807 
147	3	0.00000 0.01276 0.12872 0.08870 0.08684 0.06757 0.05458 0.01388 0.00002 0.02330 0.09408 0.13132 0.11872 0.10105 0.06432 0.01412 
148	3	0.00000 0.00225 0.11925 0.06540 0.08707 0.11384 0.09530 0.03865 0.00002 0.01404 0.07268 0.08984 0.09842 0.11109 0.07238 0.01977 
149	3	0.00000 0.00065 0.03495 0.06245 0.09204 0.04318 0.08237 0.10962 0.00002 0.00698 0.03797 0.08057 0.09798 0.09653 0.15459 0.10009 
150	3	0.00003 0.01625 0.02337 0.03593 0.03492 0.03318 0.18260 0.08405 0.00135 0.02956 0.05988 0.07486 0.09340 0.10328 0.15862 0.06872 
151	3	0.00008 0.01272 0.02298 0.03757 0.05110 0.05701 0.16819 0.10661 0.00136 0.02315 0.05147 0.07302 0.08295 0.08437 0.14744 0.07999 
152	3	0.00000 0.00221 0.02189 0.14289 0.09884 0.05522 0.11763 0.14805 0.00010 0.00533 0.03040 0.07089 0.08675 0.08248 0.09110 0.04622 
153	3	0.00000 0.04440 0.19922 0.05814 0.07005 0.05967 0.04363 0.01830 0.00006 0.03348 0.06654 0.08652 0.12223 0.11020 0.06768 0.01986 
154	3	0.00046 0.03061 0.08718 0.10781 0.08237 0.05800 0.05955 0.02507 0.00134 0.02430 0.08485 0.12817 0.12759 0.10343 0.06281 0.01645 
155	3	0.03597 0.14321 0.10700 0.07815 0.12782 0.14406 0.00914 0.00004 0.00463 0.01367 0.02190 0.04886 0.10549 0.11836 0.03914 0.00258 
156	3	0.00000 0.00106 0.34241 0.11037 0.11617 0.08372 0.04504 0.00123 0.00000 0.00258 0.01770 0.02866 0.07125 0.10814 0.06661 0.00505 
157	3	0.00649 0.21273 0.14774 0.03565 0.03148 0.21060 0.03714 0.00037 0.00793 0.02270 0.01553 0.01086 0.04488 0.13250 0.07837 0.00503 
158	3	0.00000 0.00219 0.12030 0.04813 0.21329 0.21591 0.00457 0.00000 0.00038 0.00364 0.01289 0.03163 0.15448 0.16179 0.03033 0.00047 
159	3	0.00012 0.00216 0.30953 0.04752 0.23529 0.07672 0.00539 0.00000 0.00239 0.00513 0.01109 0.02702 0.12892 0.11572 0.03140 0.00162 
160	3	0.01252 0.06618 0.00452 0.05751 0.44215 0.01737 0.00053 0.00000 0.00407 0.00688 0.00487 0.07441 0.20045 0.09183 0.01561 0.00110 
161	3	0.00002 0.01643 0.70244 0.05739 0.05702 0.01129 0.00217 0.00014 0.00029 0.00574 0.02059 0.03019 0.04954 0.03516 0.01101 0.00057 
162	3	0.03558 0.04454 0.02495 0.05242 0.32935 0.16494 0.00261 0.00000 0.00558 0.00687 0.01786 0.06036 0.15832 0.09372 0.00280 0.00008 
163	3	0.00002 0.00228 0.38032 0.10332 0.09970 0.08302 0.00315 0.00048 0.00117 0.00413 0.02024 0.03955 0.11423 0.12073 0.02641 0.00125 
164	3	0.02990 0.27612 0.09230 0.02080 0.10327 0.04476 0.00285 0.00054 0.02006 0.03619 0.03268 0.05492 0.15020 0.11055 0.02376 0.00112 
165	3	0.00000 0.14380 0.19408 0.03542 0.07420 0.00700 0.05321 0.00113 0.00043 0.04837 0.11030 0.09258 0.10045 0.07063 0.06040 0.00801 
166	3	0.00000 0.00077 0.35844 0.19050 0.00435 0.02993 0.01902 0.00009 0.00005 0.00815 0.10820 0.11722 0.05312 0.07130 0.03862 0.00024 
167	3	0.00000 0.00491 0.28840 0.22111 0.01575 0.02114 0.05566 0.00005 0.00002 0.01260 0.11271 0.12638 0.04632 0.05410 0.04016 0.00070 
168	3	0.00000 0.08647 0.36073 0.07719 0.01703 0.08117 0.03452 0.00001 0.00012 0.02027 0.07463 0.05971 0.03614 0.09152 0.05995 0.00054 
169	3	0.00000 0.21730 0.30624 0.14620 0.03540 0.03630 0.01226 0.00000 0.00003 0.02543 0.04520 0.03215 0.04895 0.06120 0.03255 0.00078 
170	3	0.00000 0.00473 0.14275 0.15821 0.09447 0.01791 0.03440 0.00099 0.00007 0.01339 0.09759 0.15800 0.13856 0.08200 0.05111 0.00582 
171	3	0.00000 0.00287 0.05554 0.05293 0.04410 0.19799 0.05941 0.00172 0.00001 0.01560 0.06591 0.10398 0.12002 0.16581 0.10164 0.01247 
172	3	0.00000 0.00304 0.06077 0.06600 0.04724 0.33660 0.00884 0.00348 0.00015 0.01045 0.05817 0.10823 0.12214 0.12038 0.04273 0.01176 
173	3	0.00021 0.00998 0.02932 0.21223 0.31043 0.11341 0.02279 0.00018 0.00120 0.00812 0.02377 0.07937 0.10484 0.06484 0.01879 0.00052 
174	3	0.00000 0.00000 0.33111 0.04408 0.06586 0.02122 0.03556 0.00550 0.00003 0.00906 0.08866 0.10062 0.10549 0.09436 0.07357 0.02488 
175	3	0.00000 0.00000 0.25808 0.05838 0.16906 0.06454 0.05460 0.00954 0.00012 0.00363 0.05037 0.08359 0.10542 0.08657 0.04652 0.00957 
176	3	0.00000 0.00000 0.24815 0.02365 0.11966 0.04282 0.04127 0.00717 0.00000 0.00395 0.08275 0.10388 0.13050 0.11438 0.06543 0.01640 
177	3	0.00000 0.00000 0.25234 0.17582 0.09042 0.02640 0.03809 0.01380 0.00016 0.00246 0.05522 0.08832 0.08696 0.07864 0.06692 0.02445 
178	3	0.00000 0.13610 0.26468 0.07584 0.07425 0.07590 0.00436 0.00033 0.00125 0.06335 0.10760 0.06777 0.06136 0.05014 0.01522 0.00185 
179	3	0.00000 0.08351 0.22445 0.05476 0.06198 0.10971 0.00925 0.00019 0.00178 0.07398 0.12505 0.07988 0.07856 0.07290 0.02246 0.00154 
180	3	0.00000 0.08657 0.21080 0.06483 0.10511 0.12223 0.00108 0.00000 0.00194 0.06424 0.10662 0.07234 0.08805 0.06561 0.00930 0.00127 
181	3	0.00005 0.15196 0.17726 0.08000 0.15622 0.05890 0.00003 0.00001 0.00380 0.07366 0.08972 0.06592 0.08592 0.05036 0.00506 0.00111 
182	3	0.00000 0.06289 0.05005 0.03666 0.09446 0.03975 0.03304 0.01024 0.00035 0.03077 0.07855 0.11869 0.15648 0.14218 0.10646 0.03942 
183	3	0.00000 0.20378 0.20814 0.09316 0.11807 0.08995 0.00589 0.00266 0.00044 0.03560 0.06715 0.05625 0.06381 0.04608 0.00761 0.00140 
184	3	0.00000 0.01310 0.10302 0.15105 0.15092 0.14370 0.03480 0.00040 0.00054 0.01872 0.05802 0.08994 0.10735 0.09367 0.03313 0.00163 
185	3	0.00000 0.00012 0.03359 0.10440 0.18545 0.18182 0.06226 0.00191 0.00001 0.00254 0.03218 0.07993 0.12250 0.12899 0.05883 0.00546 
186	3	0.00004 0.08864 0.11968 0.02045 0.06963 0.02555 0.01706 0.00348 0.00257 0.05971 0.11905 0.09829 0.14955 0.12837 0.07827 0.01965 
187	3	0.00002 0.06869 0.14409 0.02817 0.08862 0.02726 0.01569 0.00532 0.00252 0.05044 0.11082 0.10967 0.14932 0.11812 0.06617 0.01508 
188	3	0.00007 0.06882 0.08863 0.01791 0.03725 0.01372 0.02185 0.04628 0.00414 0.07245 0.12011 0.10192 0.14544 0.13122 0.09940 0.03079 
189	3	0.00002 0.01693 0.11033 0.16777 0.07215 0.16732 0.02568 0.00368 0.00084 0.02348 0.09249 0.11563 0.07833 0.08096 0.04019 0.00420 
190	3	0.00000 0.00799 0.16386 0.12795 0.01630 0.00902 0.00911 0.03092 0.00030 0.02923 0.12975 0.18452 0.11549 0.08127 0.06200 0.03229 
191	3	0.00000 0.00940 0.05295 0.05355 0.02980 0.00727 0.01569 0.08191 0.00011 0.01991 0.08595 0.17225 0.18712 0.13673 0.10243 0.04492 
192	3	0.00000 0.00024 0.05750 0.04965 0.04545 0.00666 0.02069 0.08391 0.00000 0.00857 0.09158 0.19567 0.19726 0.12814 0.07777 0.03692 
193	3	0.00000 0.01238 0.02647 0.02535 0.01424 0.01197 0.00649 0.01214 0.00121 0.04168 0.11190 0.16370 0.21110 0.19887 0.12317 0.03934 
194	3	0.00002 0.07081 0.35134 0.18486 0.05175 0.02590 0.01808 0.04350 0.00030 0.02560 0.06383 0.05273 0.04275 0.04182 0.02306 0.00364 
195	3	0.00635 0.15582 0.33097 0.07095 0.02925 0.03421 0.01324 0.10130 0.00566 0.03942 0.06034 0.03928 0.04327 0.04422 0.01903 0.00667 
196	3	0.00134 0.10369 0.31160 0.05372 0.02251 0.04904 0.02817 0.17462 0.00228 0.02708 0.04920 0.03769 0.04666 0.05562 0.02729 0.00950 
197	3	0.00029 0.02226 0.46638 0.05067 0.02375 0.13740 0.00157 0.00011 0.00093 0.03195 0.09801 0.06795 0.04638 0.04312 0.00877 0.00044 
198	3	0.00083 0.06462 0.37461 0.10577 0.01779 0.12900 0.00078 0.00002 0.00323 0.03291 0.09490 0.07820 0.04500 0.04369 0.00823 0.00039 
199	3	0.00022 0.28057 0.17843 0.02950 0.04619 0.17218 0.01424 0.00114 0.00119 0.06584 0.08232 0.02733 0.04161 0.04365 0.01362 0.00197 
200	3	0.00226 0.13830 0.13852 0.11106 0.07927 0.22820 0.04284 0.01073 0.00425 0.03489 0.04589 0.03765 0.05746 0.05147 0.01405 0.00315 
201	3	0.00042 0.10464 0.10468 0.22482 0.16809 0.06642 0.00872 0.00478 0.00418 0.04077 0.07137 0.08634 0.06472 0.03687 0.01040 0.00277 
202	3	0.00094 0.07957 0.19765 0.13785 0.07815 0.12308 0.00380 0.00037 0.00260 0.04310 0.09688 0.09343 0.07737 0.05512 0.00923 0.00085 
203	3	0.00030 0.07562 0.18644 0.13575 0.08955 0.10795 0.01223 0.00138 0.00174 0.04812 0.09787 0.08963 0.07893 0.05889 0.01410 0.00148 
204	3	0.00000 0.00502 0.05301 0.17384 0.30129 0.17587 0.01702 0.00066 0.00019 0.00705 0.02532 0.06222 0.08981 0.06522 0.02080 0.00267 
205	3	0.00092 0.36504 0.10860 0.00989 0.00330 0.00358 0.00413 0.00145 0.00520 0.17595 0.15730 0.04599 0.04028 0.03734 0.02941 0.01162 
206	3	0.00004 0.25595 0.17590 0.02117 0.00695 0.00708 0.00687 0.00152 0.00224 0.16161 0.18607 0.05112 0.04425 0.04004 0.02951 0.00969 
207	3	0.00006 0.22502 0.13337 0.05730 0.07250 0.04994 0.00611 0.00009 0.00430 0.14495 0.15288 0.05637 0.04445 0.03075 0.01676 0.00515 
208	3	0.00000 0.00797 0.01655 0.03555 0.09262 0.21238 0.25127 0.00017 0.00001 0.00770 0.02303 0.04557 0.08499 0.13211 0.08802 0.00204 
209	3	0.00000 0.03032 0.05324 0.10970 0.11756 0.17015 0.13343 0.00039 0.00005 0.01615 0.05139 0.07774 0.09114 0.09526 0.05173 0.00176 
210	4	0.00000 0.00612 0.04113 0.06865 0.02997 0.27212 0.33691 0.03359 0.00045 0.00805 0.04943 0.06375 0.03005 0.02481 0.02319 0.01178 
211	4	0.00004 0.00455 0.01438 0.02071 0.09708 0.25624 0.38510 0.01989 0.00064 0.00717 0.01793 0.02358 0.05559 0.05746 0.02685 0.01280 
212	4	0.00000 0.00020 0.00717 0.02505 0.13587 0.18970 0.40750 0.02185 0.00007 0.00199 0.00946 0.03053 0.07320 0.05905 0.02599 0.01236 
213	4	0.00058 0.00333 0.00019 0.01466 0.24490 0.14050 0.15911 0.16049 0.00402 0.01473 0.01383 0.03966 0.10428 0.06675 0.02459 0.00836 
214	4	0.00000 0.00125 0.00355 0.01815 0.04445 0.20298 0.35525 0.04402 0.00026 0.00869 0.03075 0.06669 0.10262 0.07541 0.03421 0.01175 
215	4	0.00000 0.00022 0.00293 0.01445 0.03693 0.14059 0.39117 0.05061 0.00020 0.00769 0.03306 0.08710 0.12133 0.06602 0.03453 0.01314 
216	4	0.00000 0.00043 0.00160 0.00730 0.04569 0.23160 0.43154 0.03292 0.00026 0.00685 0.02253 0.04407 0.07271 0.06287 0.03072 0.00891 
217	4	0.00000 0.00004 0.00002 0.00012 0.00125 0.22765 0.51295 0.05924 0.00013 0.00251 0.00537 0.00936 0.02089 0.07180 0.06740 0.02127 
218	4	0.00000 0.00010 0.00837 0.03032 0.26660 0.47497 0.08038 0.00840 0.00002 0.00044 0.00429 0.01118 0.03515 0.04408 0.02795 0.00772 
219	4	0.00000 0.00029 0.00132 0.00502 0.07103 0.50787 0.13621 0.02757 0.00002 0.00290 0.01827 0.05900 0.08660 0.04023 0.03095 0.01272 
220	4	0.00000 0.00553 0.01460 0.00281 0.03870 0.30065 0.24156 0.07200 0.00038 0.01010 0.02155 0.01327 0.06592 0.10726 0.07286 0.03279 
221	4	0.00000 0.00000 0.00035 0.02538 0.14952 0.16792 0.33985 0.04953 0.00001 0.00045 0.00779 0.05667 0.09567 0.05468 0.03748 0.01468 
222	4	0.00000 0.00332 0.01166 0.04157 0.16335 0.19177 0.22678 0.03107 0.00041 0.00860 0.02562 0.06345 0.10169 0.06455 0.04584 0.02032 
223	4	0.00000 0.04418 0.01105 0.05873 0.08301 0.17992 0.35338 0.07943 0.00044 0.00894 0.00943 0.02411 0.03427 0.04760 0.04992 0.01559 
224	4	0.00000 0.00048 0.00029 0.00569 0.08906 0.21545 0.25146 0.08510 0.00031 0.00455 0.01330 0.04379 0.12089 0.11123 0.04022 0.01819 
225	4	0.00003 0.01705 0.00692 0.01684 0.16361 0.34455 0.11663 0.04998 0.00054 0.00974 0.02079 0.04016 0.06874 0.06382 0.05331 0.02730 
226	4	0.00006 0.00124 0.00544 0.02160 0.10936 0.13270 0.45293 0.02170 0.00081 0.00620 0.01929 0.04288 0.06700 0.05817 0.04230 0.01832 
227	4	0.00000 0.00194 0.01231 0.03400 0.04942 0.13660 0.24093 0.08592 0.00005 0.00565 0.02150 0.06681 0.10540 0.09247 0.10324 0.04378 
228	4	0.00000 0.00113 0.01878 0.04057 0.08282 0.03222 0.25312 0.15060 0.00051 0.00947 0.06400 0.10205 0.12077 0.08500 0.02640 0.01255 
229	4	0.00000 0.00247 0.01187 0.03461 0.05661 0.10782 0.12790 0.10187 0.00059 0.00957 0.05155 0.09754 0.15517 0.16682 0.05977 0.01582 
230	4	0.00000 0.00543 0.03059 0.04345 0.03502 0.29482 0.28097 0.01902 0.00061 0.01022 0.04213 0.05090 0.06915 0.08430 0.02423 0.00914 
231	4	0.00002 0.00238 0.00281 0.02567 0.02981 0.19658 0.23402 0.12770 0.00105 0.00796 0.02912 0.06043 0.04742 0.09576 0.10281 0.03647 
232	4	0.00000 0.00012 0.00024 0.00409 0.06637 0.15874 0.22543 0.14604 0.00031 0.00499 0.01651 0.06130 0.15549 0.12160 0.02437 0.01437 
233	4	0.00007 0.00092 0.00440 0.01733 0.01550 0.20504 0.10166 0.17295 0.00088 0.00625 0.03359 0.08496 0.13568 0.15890 0.05301 0.00885 
234	4	0.00000 0.00066 0.00309 0.05047 0.05287 0.12280 0.15072 0.02439 0.00012 0.00632 0.03690 0.14655 0.17459 0.13851 0.07880 0.01320 
235	4	0.00000 0.00094 0.01976 0.03679 0.02911 0.30138 0.17147 0.00100 0.00074 0.01315 0.06244 0.10274 0.09948 0.09823 0.05312 0.00964 
236	4	0.00000 0.00078 0.01217 0.02823 0.09513 0.20736 0.39775 0.02120 0.00045 0.00606 0.02551 0.03755 0.06723 0.06689 0.02273 0.01096 
237	4	0.00000 0.00144 0.00655 0.02095 0.08864 0.31352 0.34988 0.01665 0.00067 0.00655 0.02149 0.03503 0.05536 0.05230 0.02288 0.00809 
238	4	0.00000 0.00014 0.55125 0.02382 0.01999 0.00580 0.05967 0.01004 0.00005 0.00452 0.04744 0.07455 0.06121 0.04870 0.06680 0.02601 
239	4	0.28729 0.10285 0.04231 0.25351 0.20671 0.00435 0.00223 0.00005 0.01217 0.01411 0.00948 0.02683 0.02793 0.00789 0.00210 0.00019 
240	4	0.00000 0.04051 0.28972 0.25763 0.27982 0.00616 0.00365 0.00000 0.00000 0.00523 0.01332 0.04343 0.04729 0.01003 0.00311 0.00009 
241	4	0.00000 0.00797 0.03092 0.04852 0.29498 0.12284 0.09148 0.00324 0.00003 0.01492 0.04786 0.07107 0.08852 0.08543 0.07855 0.01366 
242	4	0.00000 0.00545 0.01700 0.16835 0.26639 0.09246 0.08539 0.00467 0.00012 0.01057 0.03394 0.06183 0.07412 0.08239 0.08208 0.01523 
243	4	0.00000 0.00030 0.17081 0.20686 0.07827 0.10207 0.12105 0.00223 0.00015 0.00270 0.02285 0.03588 0.05547 0.10611 0.08397 0.01127 
244	4	0.00000 0.00017 0.30089 0.13324 0.15442 0.12817 0.09733 0.00148 0.00009 0.00117 0.01363 0.03080 0.05235 0.05344 0.02880 0.00401 
245	4	0.00000 0.01245 0.06126 0.23300 0.10513 0.06864 0.08354 0.01022 0.00014 0.02282 0.06226 0.08862 0.08817 0.08432 0.06670 0.01273 
246	4	0.00000 0.02773 0.04667 0.21885 0.11268 0.03746 0.06907 0.00074 0.00010 0.03405 0.08523 0.10791 0.09237 0.08752 0.07383 0.00577 
247	4	0.00000 0.00387 0.02419 0.09481 0.31887 0.07980 0.05904 0.00020 0.00005 0.00882 0.03594 0.12132 0.13586 0.06502 0.04685 0.00535 
248	4	0.00000 0.00019 0.01594 0.10693 0.15321 0.01077 0.23992 0.00080 0.00004 0.00432 0.06761 0.13184 0.07737 0.08227 0.09815 0.01065 
249	4	0.00000 0.00356 0.42218 0.06550 0.21145 0.05040 0.03347 0.00005 0.00014 0.01021 0.03695 0.04460 0.05563 0.04368 0.02084 0.00135 
250	4	0.00000 0.00178 0.11404 0.05432 0.00662 0.00797 0.44585 0.02918 0.00014 0.02236 0.09904 0.09311 0.04468 0.02498 0.03879 0.01715 
251	4	0.00000 0.00000 0.07489 0.02597 0.02762 0.39969 0.04114 0.00022 0.00001 0.00495 0.05820 0.10447 0.11670 0.09200 0.05066 0.00347 
252	4	0.00000 0.08199 0.01580 0.00006 0.33975 0.14100 0.18997 0.00046 0.00013 0.02685 0.02372 0.00295 0.02643 0.07379 0.07193 0.00515 
253	4	0.00000 0.00003 0.38885 0.01014 0.13226 0.10465 0.03705 0.00003 0.00005 0.00225 0.03110 0.04922 0.09036 0.10986 0.04368 0.00047 
254	4	0.00000 0.04290 0.00043 0.00213 0.40045 0.15467 0.19042 0.00125 0.00010 0.00500 0.00265 0.00751 0.03798 0.07426 0.07294 0.00730 
255	4	0.00000 0.00000 0.13465 0.00091 0.19365 0.24325 0.23497 0.00080 0.00000 0.00014 0.00999 0.00678 0.02843 0.06897 0.06991 0.00755 
256	4	0.00000 0.00001 0.31639 0.09133 0.09398 0.10386 0.06075 0.00014 0.00002 0.00077 0.02915 0.05544 0.08523 0.11029 0.05165 0.00100 
257	4	0.00000 0.00161 0.17251 0.08309 0.09647 0.28445 0.09481 0.00455 0.00007 0.00488 0.02749 0.04882 0.05911 0.05112 0.05573 0.01530 
258	4	0.00000 0.00046 0.03207 0.02255 0.02842 0.41457 0.03797 0.00026 0.00001 0.00437 0.03284 0.09617 0.14450 0.11442 0.06681 0.00458 
259	4	0.00000 0.00193 0.02732 0.02056 0.03280 0.42203 0.04482 0.00314 0.00002 0.01234 0.05152 0.09120 0.11471 0.09104 0.07175 0.01482 
260	4	0.00000 0.00004 0.02094 0.00792 0.02571 0.45254 0.03162 0.00445 0.00007 0.00474 0.03602 0.07915 0.12182 0.10805 0.08455 0.02237 
261	4	0.00000 0.06796 0.04989 0.01157 0.03102 0.39583 0.03650 0.02142 0.00021 0.05284 0.09834 0.06532 0.06142 0.05424 0.04170 0.01174 
262	4	0.00007 0.03600 0.02753 0.02405 0.05075 0.37744 0.02215 0.00138 0.00052 0.02875 0.06014 0.10801 0.13323 0.08302 0.04024 0.00673 
263	4	0.00000 0.00906 0.04572 0.05207 0.02293 0.39923 0.01270 0.00079 0.00003 0.02062 0.09321 0.14212 0.10985 0.06262 0.02507 0.00399 
264	4	0.00000 0.00883 0.00794 0.00052 0.48118 0.15834 0.14595 0.00120 0.00012 0.00742 0.00780 0.00266 0.02978 0.06859 0.07040 0.00927 
265	4	0.00000 0.00001 0.39204 0.05235 0.11119 0.08212 0.04377 0.00016 0.00002 0.00117 0.03278 0.05480 0.07599 0.10297 0.04989 0.00072 
266	4	0.00000 0.00001 0.00050 0.47094 0.10997 0.12314 0.06610 0.00022 0.00001 0.00039 0.00457 0.02535 0.06192 0.09130 0.04472 0.00085 
267	4	0.00000 0.00003 0.29847 0.09622 0.14667 0.06589 0.05968 0.00041 0.00006 0.00178 0.03270 0.05655 0.07661 0.10232 0.06064 0.00196 
268	4	0.00000 0.00002 0.05560 0.22684 0.09028 0.24072 0.08718 0.00652 0.00001 0.00139 0.02929 0.05692 0.06838 0.06433 0.05831 0.01421 
269	4	0.00000 0.00069 0.16169 0.16562 0.12273 0.19000 0.06527 0.00147 0.00004 0.00428 0.03576 0.06186 0.07022 0.06083 0.05072 0.00880 
270	4	0.00000 0.01525 0.04322 0.07416 0.18020 0.09250 0.11051 0.00467 0.00005 0.02064 0.07242 0.10670 0.09589 0.08550 0.08315 0.01512 
271	4	0.00000 0.02560 0.03107 0.07650 0.18812 0.08872 0.10216 0.00446 0.00036 0.02795 0.07137 0.10088 0.09418 0.08938 0.08357 0.01569 
272	4	0.00000 0.02214 0.02637 0.19125 0.19246 0.05483 0.06417 0.00015 0.00065 0.02742 0.05814 0.09400 0.09847 0.09576 0.06978 0.00439 
273	4	0.00000 0.00450 0.04620 0.10615 0.20937 0.08097 0.09694 0.00353 0.00001 0.01439 0.06002 0.09464 0.09815 0.08980 0.08116 0.01415 
274	4	0.00000 0.07837 0.38516 0.04474 0.08691 0.12712 0.02524 0.00648 0.00006 0.01032 0.02915 0.04646 0.05521 0.04883 0.04054 0.01542 
275	4	0.00000 0.00000 0.09694 0.04283 0.03544 0.39125 0.09305 0.01159 0.00000 0.00088 0.02286 0.03360 0.06494 0.09655 0.07971 0.03035 
276	4	0.00000 0.00180 0.01320 0.01003 0.00563 0.06335 0.73718 0.00270 0.00002 0.00265 0.01147 0.02411 0.02980 0.05146 0.04446 0.00213 
277	4	0.00000 0.00000 0.09650 0.00780 0.06013 0.39472 0.15791 0.00002 0.00001 0.00027 0.00764 0.02617 0.08718 0.09423 0.06107 0.00633 
278	4	0.00000 0.03952 0.08779 0.02262 0.27270 0.12114 0.14167 0.00003 0.00005 0.00762 0.01421 0.04607 0.09843 0.08491 0.05848 0.00476 
279	4	0.00000 0.00022 0.35340 0.00192 0.15312 0.23889 0.04952 0.00143 0.00002 0.00236 0.01807 0.01421 0.05052 0.07625 0.03717 0.00287 
280	5	0.00002 0.00147 0.03671 0.06456 0.06749 0.20563 0.33938 0.04822 0.00025 0.00606 0.04239 0.06388 0.04530 0.04219 0.02883 0.00761 
281	5	0.00283 0.08263 0.15864 0.05839 0.07568 0.08385 0.04709 0.01310 0.00636 0.05510 0.12587 0.10148 0.06761 0.05458 0.04786 0.01892 
282	5	0.00000 0.00408 0.02671 0.10589 0.06696 0.08772 0.13808 0.06046 0.00007 0.01069 0.06185 0.12889 0.12073 0.09498 0.07121 0.02166 
283	5	0.00000 0.01343 0.01338 0.05686 0.12400 0.25891 0.33936 0.01452 0.00022 0.00623 0.01302 0.02402 0.04057 0.05311 0.03625 0.00609 
284	5	0.00009 0.02027 0.04824 0.06042 0.10030 0.20641 0.30660 0.04062 0.00088 0.00907 0.01920 0.02817 0.04381 0.05691 0.04619 0.01282 
285	5	0.00000 0.01997 0.01766 0.02089 0.02847 0.31838 0.30508 0.11664 0.00051 0.01185 0.02398 0.02811 0.03115 0.03532 0.02823 0.01377 
286	5	0.00004 0.03686 0.15847 0.06823 0.02414 0.02411 0.19847 0.15890 0.00101 0.03979 0.11132 0.09050 0.03952 0.01901 0.01855 0.01107 
287	5	0.00000 0.00540 0.03131 0.10016 0.13229 0.12987 0.12019 0.03465 0.00026 0.01032 0.05151 0.10388 0.12762 0.09953 0.04362 0.00938 
288	5	0.00000 0.00046 0.00621 0.02292 0.10719 0.27659 0.17975 0.03129 0.00015 0.00291 0.01634 0.04957 0.10422 0.12989 0.06584 0.00666 
289	5	0.00010 0.00267 0.01342 0.00674 0.07255 0.22537 0.45580 0.07630 0.00032 0.00384 0.00781 0.00655 0.02038 0.04760 0.04773 0.01281 
290	5	0.00005 0.00264 0.01412 0.00615 0.09057 0.23367 0.47089 0.04333 0.00032 0.00357 0.00758 0.00618 0.02197 0.04949 0.04187 0.00761 
291	5	0.00132 0.01433 0.08327 0.21075 0.18756 0.15089 0.10218 0.01303 0.00122 0.00673 0.02535 0.04620 0.06041 0.05832 0.03246 0.00600 
292	5	0.00001 0.00215 0.02372 0.03357 0.06968 0.12911 0.38114 0.14608 0.00011 0.00519 0.02108 0.03567 0.04397 0.04848 0.04513 0.01491 
293	5	0.00107 0.01610 0.07958 0.29202 0.17586 0.13429 0.09920 0.01192 0.00068 0.00460 0.02137 0.04223 0.04902 0.04296 0.02420 0.00488 
294	5	0.00054 0.00905 0.12685 0.16183 0.21626 0.15525 0.12502 0.00595 0.00050 0.00554 0.02145 0.03942 0.05182 0.05040 0.02619 0.00392 
295	5	0.00016 0.00825 0.07921 0.20747 0.23063 0.13769 0.11306 0.01092 0.00085 0.00970 0.03406 0.05914 0.05976 0.03430 0.01297 0.00183 
296	5	0.00000 0.00010 0.00449 0.01660 0.07822 0.38225 0.20085 0.05746 0.00002 0.00096 0.00782 0.02554 0.06515 0.10131 0.05164 0.00759 
