350	5	16
0	1	0.00009 0.00000 0.00515 0.00000 0.02626 0.00000 0.03838 0.00000 0.19072 0.00000 0.24257 0.00000 0.46713 0.00000 0.02969 0.00000 
1	1	0.00025 0.00000 0.00857 0.00000 0.01811 0.00000 0.01901 0.00000 0.03407 0.00000 0.05524 0.00000 0.70849 0.00000 0.15626 0.00000 
2	1	0.00027 0.00000 0.01079 0.00000 0.04375 0.00000 0.05317 0.00000 0.13385 0.00000 0.28848 0.00000 0.40927 0.00000 0.06041 0.00000 
3	1	0.00002 0.00000 0.02603 0.00000 0.07281 0.00000 0.07448 0.00000 0.09614 0.00000 0.32638 0.00000 0.32483 0.00000 0.07930 0.00000 
4	1	0.00000 0.00000 0.00233 0.00000 0.14536 0.00000 0.09314 0.00000 0.07717 0.00000 0.16415 0.00000 0.47316 0.00000 0.04469 0.00000 
5	1	0.00006 0.00000 0.00405 0.00000 0.04617 0.00000 0.05520 0.00000 0.07809 0.00000 0.10165 0.00000 0.56858 0.00000 0.14620 0.00000 
6	1	0.00005 0.00000 0.00501 0.00000 0.05300 0.00000 0.05377 0.00000 0.07294 0.00000 0.10765 0.00000 0.51337 0.00000 0.19420 0.00000 
7	1	0.00037 0.00000 0.02438 0.00000 0.08788 0.00000 0.08689 0.00000 0.08518 0.00000 0.11190 0.00000 0.56147 0.00000 0.04192 0.00000 
8	1	0.00000 0.00000 0.00337 0.00000 0.04158 0.00000 0.10157 0.00000 0.33848 0.00000 0.25288 0.00000 0.24836 0.00000 0.01375 0.00000 
9	1	0.00006 0.00000 0.01258 0.00000 0.07081 0.00000 0.07653 0.00000 0.10924 0.00000 0.15554 0.00000 0.51300 0.00000 0.06224 0.00000 
10	1	0.00015 0.00000 0.00660 0.00000 0.01244 0.00000 0.04788 0.00000 0.14337 0.00000 0.27724 0.00000 0.42375 0.00000 0.08856 0.00000 
11	1	0.00025 0.00000 0.02250 0.00000 0.06225 0.00000 0.07436 0.00000 0.10501 0.00000 0.30512 0.00000 0.38139 0.00000 0.04913 0.00000 
12	1	0.00015 0.00000 0.01097 0.00000 0.05011 0.00000 0.06345 0.00000 0.09542 0.00000 0.26575 0.00000 0.44193 0.00000 0.07222 0.00000 
13	1	0.00001 0.00000 0.00367 0.00000 0.02119 0.00000 0.02594 0.00000 0.13985 0.00000 0.40029 0.00000 0.26027 0.00000 0.14877 0.00000 
14	1	0.00262 0.00000 0.04327 0.00000 0.10095 0.00000 0.26722 0.00000 0.31992 0.00000 0.21189 0.00000 0.04041 0.00000 0.01372 0.00000 
15	1	0.00014 0.00000 0.01445 0.00000 0.06327 0.00000 0.09395 0.00000 0.08997 0.00000 0.09485 0.00000 0.37792 0.00000 0.26542 0.00000 
16	1	0.00000 0.00000 0.00135 0.00000 0.01441 0.00000 0.03543 0.00000 0.21951 0.00000 0.04852 0.00000 0.55957 0.00000 0.12121 0.00000 
17	1	0.00001 0.00000 0.01190 0.00000 0.06356 0.00000 0.07505 0.00000 0.09099 0.00000 0.07460 0.00000 0.36513 0.00000 0.31877 0.00000 
18	1	0.00132 0.00000 0.03003 0.00000 0.06397 0.00000 0.08048 0.00000 0.14252 0.00000 0.07804 0.00000 0.33451 0.00000 0.26912 0.00000 
19	1	0.00018 0.00000 0.00283 0.00000 0.01594 0.00000 0.07295 0.00000 0.15314 0.00000 0.19611 0.00000 0.39922 0.00000 0.15962 0.00000 
20	1	0.00003 0.00000 0.00526 0.00000 0.03431 0.00000 0.12666 0.00000 0.22676 0.00000 0.19670 0.00000 0.14862 0.00000 0.26165 0.00000 
21	1	0.00001 0.00000 0.03337 0.00000 0.08534 0.00000 0.09562 0.00000 0.12853 0.00000 0.22768 0.00000 0.40294 0.00000 0.02650 0.00000 
22	1	0.00001 0.00000 0.00060 0.00000 0.01015 0.00000 0.03042 0.00000 0.08149 0.00000 0.14885 0.00000 0.56002 0.00000 0.16845 0.00000 
23	1	0.00000 0.00000 0.00202 0.00000 0.02066 0.00000 0.04737 0.00000 0.13149 0.00000 0.10854 0.00000 0.48376 0.00000 0.20615 0.00000 
24	1	0.00000 0.00000 0.00315 0.00000 0.02251 0.00000 0.06360 0.00000 0.09914 0.00000 0.36814 0.00000 0.41889 0.00000 0.02456 0.00000 
25	1	0.01345 0.00000 0.03786 0.00000 0.04753 0.00000 0.05627 0.00000 0.07592 0.00000 0.26482 0.00000 0.34656 0.00000 0.15760 0.00000 
26	1	0.00010 0.00000 0.00685 0.00000 0.01912 0.00000 0.06224 0.00000 0.15562 0.00000 0.34415 0.00000 0.40105 0.00000 0.01088 0.00000 
27	1	0.00008 0.00000 0.02248 0.00000 0.06966 0.00000 0.07223 0.00000 0.14802 0.00000 0.31346 0.00000 0.25639 0.00000 0.11767 0.00000 
28	1	0.00012 0.00000 0.00346 0.00000 0.01710 0.00000 0.03381 0.00000 0.05831 0.00000 0.22171 0.00000 0.65324 0.00000 0.01224 0.00000 
29	1	0.00011 0.00000 0.00238 0.00000 0.01340 0.00000 0.02627 0.00000 0.05760 0.00000 0.24547 0.00000 0.64846 0.00000 0.00632 0.00000 
30	1	0.00005 0.00000 0.00196 0.00000 0.01823 0.00000 0.03682 0.00000 0.04564 0.00000 0.14088 0.00000 0.61902 0.00000 0.13739 0.00000 
31	1	0.00002 0.00000 0.00162 0.00000 0.01369 0.00000 0.02795 0.00000 0.03380 0.00000 0.12264 0.00000 0.41566 0.00000 0.38462 0.00000 
32	1	0.00001 0.00000 0.00205 0.00000 0.02466 0.00000 0.04222 0.00000 0.11324 0.00000 0.06865 0.00000 0.64750 0.00000 0.10165 0.00000 
33	1	0.00014 0.00000 0.01183 0.00000 0.09225 0.00000 0.19507 0.00000 0.22560 0.00000 0.15694 0.00000 0.27659 0.00000 0.04158 0.00000 
34	1	0.00012 0.00000 0.00257 0.00000 0.03952 0.00000 0.10277 0.00000 0.12334 0.00000 0.32191 0.00000 0.39555 0.00000 0.01421 0.00000 
35	1	0.00002 0.00000 0.00425 0.00000 0.01534 0.00000 0.02542 0.00000 0.06459 0.00000 0.30058 0.00000 0.40426 0.00000 0.18553 0.00000 
36	1	0.00003 0.00000 0.00476 0.00000 0.01505 0.00000 0.02484 0.00000 0.05525 0.00000 0.28597 0.00000 0.34126 0.00000 0.27283 0.00000 
37	1	0.00021 0.00000 0.12894 0.00000 0.09368 0.00000 0.13917 0.00000 0.13387 0.00000 0.05331 0.00000 0.41468 0.00000 0.03614 0.00000 
38	1	0.00008 0.00000 0.00697 0.00000 0.04387 0.00000 0.06123 0.00000 0.10901 0.00000 0.24075 0.00000 0.51193 0.00000 0.02616 0.00000 
39	1	0.00002 0.00000 0.00867 0.00000 0.08103 0.00000 0.12325 0.00000 0.21757 0.00000 0.28505 0.00000 0.27803 0.00000 0.00637 0.00000 
40	1	0.00000 0.00000 0.00036 0.00000 0.01784 0.00000 0.04240 0.00000 0.12605 0.00000 0.31691 0.00000 0.46516 0.00000 0.03127 0.00000 
41	1	0.00001 0.00000 0.00118 0.00000 0.01125 0.00000 0.04296 0.00000 0.17604 0.00000 0.25162 0.00000 0.49010 0.00000 0.02683 0.00000 
42	1	0.00001 0.00000 0.00134 0.00000 0.01046 0.00000 0.07482 0.00000 0.12694 0.00000 0.39177 0.00000 0.37660 0.00000 0.01806 0.00000 
43	1	0.00024 0.00000 0.01291 0.00000 0.02989 0.00000 0.02688 0.00000 0.04591 0.00000 0.15932 0.00000 0.59288 0.00000 0.13197 0.00000 
44	1	0.00009 0.00000 0.00421 0.00000 0.00962 0.00000 0.01088 0.00000 0.02245 0.00000 0.24135 0.00000 0.63802 0.00000 0.07338 0.00000 
45	1	0.00024 0.00000 0.03423 0.00000 0.22889 0.00000 0.08572 0.00000 0.07620 0.00000 0.14913 0.00000 0.38351 0.00000 0.04207 0.00000 
46	1	0.00006 0.00000 0.00612 0.00000 0.04006 0.00000 0.05114 0.00000 0.09979 0.00000 0.27578 0.00000 0.50765 0.00000 0.01940 0.00000 
47	1	0.00002 0.00000 0.00307 0.00000 0.02344 0.00000 0.03475 0.00000 0.10199 0.00000 0.36179 0.00000 0.43910 0.00000 0.03584 0.00000 
48	1	0.00004 0.00000 0.01795 0.00000 0.06669 0.00000 0.06951 0.00000 0.11861 0.00000 0.33842 0.00000 0.24852 0.00000 0.14027 0.00000 
49	1	0.00012 0.00000 0.00463 0.00000 0.01608 0.00000 0.02428 0.00000 0.13372 0.00000 0.40428 0.00000 0.36753 0.00000 0.04935 0.00000 
50	1	0.00005 0.00000 0.00307 0.00000 0.01529 0.00000 0.02875 0.00000 0.08604 0.00000 0.40490 0.00000 0.41830 0.00000 0.04360 0.00000 
51	1	0.00035 0.00000 0.00841 0.00000 0.03439 0.00000 0.04280 0.00000 0.07023 0.00000 0.09964 0.00000 0.48205 0.00000 0.26212 0.00000 
52	1	0.00024 0.00000 0.00940 0.00000 0.03728 0.00000 0.03790 0.00000 0.05173 0.00000 0.12039 0.00000 0.63527 0.00000 0.10780 0.00000 
53	1	0.00115 0.00000 0.02122 0.00000 0.02811 0.00000 0.03468 0.00000 0.05335 0.00000 0.22636 0.00000 0.55461 0.00000 0.08052 0.00000 
54	1	0.00046 0.00000 0.01253 0.00000 0.02364 0.00000 0.02550 0.00000 0.02938 0.00000 0.07215 0.00000 0.76568 0.00000 0.07065 0.00000 
55	1	0.00002 0.00000 0.02388 0.00000 0.02995 0.00000 0.00812 0.00000 0.00882 0.00000 0.32133 0.00000 0.58853 0.00000 0.01935 0.00000 
56	1	0.00001 0.00000 0.01489 0.00000 0.03768 0.00000 0.00794 0.00000 0.00839 0.00000 0.01313 0.00000 0.86283 0.00000 0.05513 0.00000 
57	1	0.00001 0.00000 0.00546 0.00000 0.02414 0.00000 0.09723 0.00000 0.19572 0.00000 0.02520 0.00000 0.61154 0.00000 0.04071 0.00000 
58	1	0.00002 0.00000 0.01055 0.00000 0.04555 0.00000 0.08170 0.00000 0.24870 0.00000 0.01730 0.00000 0.49385 0.00000 0.10232 0.00000 
59	1	0.00009 0.00000 0.03933 0.00000 0.05916 0.00000 0.06652 0.00000 0.15291 0.00000 0.27992 0.00000 0.33447 0.00000 0.06759 0.00000 
60	1	0.00001 0.00000 0.01189 0.00000 0.06697 0.00000 0.07788 0.00000 0.23031 0.00000 0.07636 0.00000 0.44152 0.00000 0.09505 0.00000 
61	1	0.00006 0.00000 0.01140 0.00000 0.04395 0.00000 0.07382 0.00000 0.25154 0.00000 0.01908 0.00000 0.50230 0.00000 0.09784 0.00000 
62	1	0.00007 0.00000 0.00101 0.00000 0.00816 0.00000 0.16477 0.00000 0.36980 0.00000 0.21140 0.00000 0.21959 0.00000 0.02520 0.00000 
63	1	0.00010 0.00000 0.00210 0.00000 0.00955 0.00000 0.07627 0.00000 0.33081 0.00000 0.27520 0.00000 0.27965 0.00000 0.02632 0.00000 
64	1	0.00021 0.00000 0.02177 0.00000 0.28960 0.00000 0.27642 0.00000 0.04161 0.00000 0.03013 0.00000 0.33758 0.00000 0.00268 0.00000 
65	1	0.00114 0.00000 0.09485 0.00000 0.36811 0.00000 0.05005 0.00000 0.01801 0.00000 0.05372 0.00000 0.40559 0.00000 0.00853 0.00000 
66	1	0.00002 0.00000 0.03597 0.00000 0.27863 0.00000 0.04432 0.00000 0.01956 0.00000 0.35768 0.00000 0.25954 0.00000 0.00427 0.00000 
67	1	0.00050 0.00000 0.04815 0.00000 0.17355 0.00000 0.22449 0.00000 0.11213 0.00000 0.03120 0.00000 0.23698 0.00000 0.17301 0.00000 
68	1	0.00005 0.00000 0.00379 0.00000 0.05728 0.00000 0.07977 0.00000 0.09228 0.00000 0.35985 0.00000 0.32687 0.00000 0.08010 0.00000 
69	1	0.00001 0.00000 0.00463 0.00000 0.04246 0.00000 0.05905 0.00000 0.10288 0.00000 0.29467 0.00000 0.43078 0.00000 0.06552 0.00000 
70	2	0.00070 0.00000 0.08356 0.00000 0.12713 0.00000 0.14699 0.00000 0.37248 0.00000 0.13702 0.00000 0.11847 0.00000 0.01363 0.00000 
71	2	0.00092 0.00000 0.12736 0.00000 0.14467 0.00000 0.07568 0.00000 0.36103 0.00000 0.15702 0.00000 0.11481 0.00000 0.01850 0.00000 
72	2	0.00059 0.00000 0.09780 0.00000 0.13456 0.00000 0.13261 0.00000 0.34520 0.00000 0.13107 0.00000 0.14848 0.00000 0.00969 0.00000 
73	2	0.00292 0.00000 0.12136 0.00000 0.11326 0.00000 0.30945 0.00000 0.18660 0.00000 0.13152 0.00000 0.12290 0.00000 0.01199 0.00000 
74	2	0.00293 0.00000 0.14174 0.00000 0.11835 0.00000 0.14490 0.00000 0.30202 0.00000 0.10610 0.00000 0.17679 0.00000 0.00717 0.00000 
75	2	0.00125 0.00000 0.00300 0.00000 0.01709 0.00000 0.10532 0.00000 0.58315 0.00000 0.27137 0.00000 0.01469 0.00000 0.00413 0.00000 
76	2	0.00004 0.00000 0.00161 0.00000 0.01444 0.00000 0.06359 0.00000 0.32854 0.00000 0.45230 0.00000 0.12571 0.00000 0.01377 0.00000 
77	2	0.00071 0.00000 0.00692 0.00000 0.04823 0.00000 0.27567 0.00000 0.51002 0.00000 0.09353 0.00000 0.06101 0.00000 0.00390 0.00000 
78	2	0.00257 0.00000 0.05175 0.00000 0.07626 0.00000 0.10405 0.00000 0.06702 0.00000 0.55604 0.00000 0.11300 0.00000 0.02932 0.00000 
79	2	0.00059 0.00000 0.04526 0.00000 0.07145 0.00000 0.08727 0.00000 0.12013 0.00000 0.58008 0.00000 0.08234 0.00000 0.01287 0.00000 
80	2	0.00015 0.00000 0.01775 0.00000 0.12740 0.00000 0.15891 0.00000 0.13351 0.00000 0.51524 0.00000 0.03899 0.00000 0.00805 0.00000 
81	2	0.00005 0.00000 0.00849 0.00000 0.02234 0.00000 0.03017 0.00000 0.06878 0.00000 0.30572 0.00000 0.49165 0.00000 0.07280 0.00000 
82	2	0.01765 0.00000 0.07054 0.00000 0.11990 0.00000 0.41800 0.00000 0.14115 0.00000 0.07889 0.00000 0.10543 0.00000 0.04844 0.00000 
83	2	0.00162 0.00000 0.04562 0.00000 0.12691 0.00000 0.38959 0.00000 0.09906 0.00000 0.09496 0.00000 0.20322 0.00000 0.03901 0.00000 
84	2	0.00005 0.00000 0.01382 0.00000 0.16040 0.00000 0.62710 0.00000 0.08077 0.00000 0.02904 0.00000 0.06458 0.00000 0.02424 0.00000 
85	2	0.00144 0.00000 0.03154 0.00000 0.20103 0.00000 0.45110 0.00000 0.12271 0.00000 0.06945 0.00000 0.08640 0.00000 0.03632 0.00000 
86	2	0.00472 0.00000 0.06147 0.00000 0.09467 0.00000 0.28079 0.00000 0.29729 0.00000 0.11950 0.00000 0.12519 0.00000 0.01637 0.00000 
87	2	0.00128 0.00000 0.06195 0.00000 0.14877 0.00000 0.29985 0.00000 0.22078 0.00000 0.11057 0.00000 0.14813 0.00000 0.00867 0.00000 
88	2	0.00107 0.00000 0.04451 0.00000 0.14840 0.00000 0.31225 0.00000 0.25263 0.00000 0.11418 0.00000 0.11507 0.00000 0.01188 0.00000 
89	2	0.00500 0.00000 0.18912 0.00000 0.12810 0.00000 0.04216 0.00000 0.23334 0.00000 0.36433 0.00000 0.03297 0.00000 0.00498 0.00000 
90	2	0.00295 0.00000 0.03555 0.00000 0.08310 0.00000 0.09770 0.00000 0.36182 0.00000 0.36310 0.00000 0.04485 0.00000 0.01092 0.00000 
91	2	0.00013 0.00000 0.00129 0.00000 0.00544 0.00000 0.01557 0.00000 0.03880 0.00000 0.89970 0.00000 0.03419 0.00000 0.00487 0.00000 
92	2	0.00015 0.00000 0.02084 0.00000 0.08793 0.00000 0.13825 0.00000 0.42797 0.00000 0.18537 0.00000 0.13618 0.00000 0.00331 0.00000 
93	2	0.00000 0.00000 0.00406 0.00000 0.10052 0.00000 0.27992 0.00000 0.27084 0.00000 0.29284 0.00000 0.05082 0.00000 0.00099 0.00000 
94	2	0.00016 0.00000 0.02173 0.00000 0.19580 0.00000 0.19101 0.00000 0.28145 0.00000 0.24701 0.00000 0.06239 0.00000 0.00044 0.00000 
95	2	0.00003 0.00000 0.00480 0.00000 0.11090 0.00000 0.21412 0.00000 0.30680 0.00000 0.33547 0.00000 0.02710 0.00000 0.00079 0.00000 
96	2	0.00005 0.00000 0.01489 0.00000 0.17890 0.00000 0.15083 0.00000 0.22096 0.00000 0.28403 0.00000 0.14989 0.00000 0.00045 0.00000 
97	2	0.00001 0.00000 0.00200 0.00000 0.15938 0.00000 0.21638 0.00000 0.36421 0.00000 0.19274 0.00000 0.06347 0.00000 0.00182 0.00000 
98	2	0.00003 0.00000 0.00242 0.00000 0.19315 0.00000 0.11757 0.00000 0.27079 0.00000 0.32760 0.00000 0.08766 0.00000 0.00078 0.00000 
99	2	0.00005 0.00000 0.00183 0.00000 0.00346 0.00000 0.38447 0.00000 0.16255 0.00000 0.33591 0.00000 0.10931 0.00000 0.00242 0.00000 
100	2	0.00025 0.00000 0.00217 0.00000 0.23309 0.00000 0.03705 0.00000 0.33720 0.00000 0.27033 0.00000 0.11949 0.00000 0.00041 0.00000 
101	2	0.00005 0.00000 0.00193 0.00000 0.08757 0.00000 0.15742 0.00000 0.22458 0.00000 0.34375 0.00000 0.18015 0.00000 0.00455 0.00000 
102	2	0.00019 0.00000 0.00999 0.00000 0.06800 0.00000 0.11890 0.00000 0.43440 0.00000 0.31424 0.00000 0.04712 0.00000 0.00717 0.00000 
103	2	0.00095 0.00000 0.02254 0.00000 0.11800 0.00000 0.29542 0.00000 0.25520 0.00000 0.26237 0.00000 0.04545 0.00000 0.00006 0.00000 
104	2	0.00016 0.00000 0.03959 0.00000 0.17227 0.00000 0.28660 0.00000 0.28677 0.00000 0.20849 0.00000 0.00610 0.00000 0.00003 0.00000 
105	2	0.00372 0.00000 0.26482 0.00000 0.14555 0.00000 0.22531 0.00000 0.16097 0.00000 0.12839 0.00000 0.06978 0.00000 0.00145 0.00000 
106	2	0.00032 0.00000 0.05218 0.00000 0.20276 0.00000 0.36204 0.00000 0.15754 0.00000 0.19493 0.00000 0.02887 0.00000 0.00135 0.00000 
107	2	0.00004 0.00000 0.00944 0.00000 0.11234 0.00000 0.21855 0.00000 0.27003 0.00000 0.36808 0.00000 0.02150 0.00000 0.00002 0.00000 
108	2	0.00003 0.00000 0.17598 0.00000 0.10883 0.00000 0.14442 0.00000 0.28793 0.00000 0.19076 0.00000 0.09037 0.00000 0.00167 0.00000 
109	2	0.00004 0.00000 0.25638 0.00000 0.11322 0.00000 0.10420 0.00000 0.18635 0.00000 0.24734 0.00000 0.09062 0.00000 0.00184 0.00000 
110	2	0.00032 0.00000 0.00331 0.00000 0.00569 0.00000 0.22557 0.00000 0.27768 0.00000 0.33378 0.00000 0.15254 0.00000 0.00112 0.00000 
111	2	0.00005 0.00000 0.01675 0.00000 0.02146 0.00000 0.14954 0.00000 0.27983 0.00000 0.40185 0.00000 0.12469 0.00000 0.00583 0.00000 
112	2	0.00015 0.00000 0.01469 0.00000 0.07255 0.00000 0.12397 0.00000 0.44002 0.00000 0.22877 0.00000 0.11719 0.00000 0.00267 0.00000 
113	2	0.00006 0.00000 0.00655 0.00000 0.04361 0.00000 0.11145 0.00000 0.66741 0.00000 0.12436 0.00000 0.04057 0.00000 0.00599 0.00000 
114	2	0.00024 0.00000 0.01610 0.00000 0.12007 0.00000 0.19706 0.00000 0.36935 0.00000 0.23762 0.00000 0.05122 0.00000 0.00835 0.00000 
115	2	0.00019 0.00000 0.02017 0.00000 0.18853 0.00000 0.24742 0.00000 0.31289 0.00000 0.18748 0.00000 0.03772 0.00000 0.00560 0.00000 
116	2	0.00086 0.00000 0.03355 0.00000 0.05136 0.00000 0.22304 0.00000 0.30879 0.00000 0.32737 0.00000 0.04995 0.00000 0.00507 0.00000 
117	2	0.00071 0.00000 0.03964 0.00000 0.09990 0.00000 0.07785 0.00000 0.22845 0.00000 0.40785 0.00000 0.13056 0.00000 0.01502 0.00000 
118	2	0.00005 0.00000 0.00032 0.00000 0.00135 0.00000 0.03526 0.00000 0.31027 0.00000 0.41783 0.00000 0.23277 0.00000 0.00215 0.00000 
119	2	0.00001 0.00000 0.01942 0.00000 0.17530 0.00000 0.05306 0.00000 0.10779 0.00000 0.51478 0.00000 0.12513 0.00000 0.00452 0.00000 
120	2	0.00007 0.00000 0.01033 0.00000 0.09514 0.00000 0.06499 0.00000 0.48215 0.00000 0.28506 0.00000 0.06114 0.00000 0.00110 0.00000 
121	2	0.00007 0.00000 0.01923 0.00000 0.06015 0.00000 0.05670 0.00000 0.30437 0.00000 0.50025 0.00000 0.05695 0.00000 0.00228 0.00000 
122	2	0.00002 0.00000 0.02647 0.00000 0.03287 0.00000 0.21247 0.00000 0.31257 0.00000 0.08404 0.00000 0.32236 0.00000 0.00920 0.00000 
123	2	0.00007 0.00000 0.00229 0.00000 0.01048 0.00000 0.03019 0.00000 0.18404 0.00000 0.74712 0.00000 0.02288 0.00000 0.00292 0.00000 
124	2	0.00000 0.00000 0.00097 0.00000 0.03699 0.00000 0.29717 0.00000 0.26539 0.00000 0.16988 0.00000 0.21855 0.00000 0.01105 0.00000 
125	2	0.00029 0.00000 0.05140 0.00000 0.08996 0.00000 0.44076 0.00000 0.17912 0.00000 0.10652 0.00000 0.12410 0.00000 0.00785 0.00000 
126	2	0.00003 0.00000 0.00080 0.00000 0.02765 0.00000 0.17579 0.00000 0.22165 0.00000 0.44241 0.00000 0.12027 0.00000 0.01139 0.00000 
127	2	0.00009 0.00000 0.00777 0.00000 0.10829 0.00000 0.17600 0.00000 0.31606 0.00000 0.34092 0.00000 0.04535 0.00000 0.00552 0.00000 
128	2	0.00002 0.00000 0.00048 0.00000 0.00617 0.00000 0.14117 0.00000 0.07095 0.00000 0.50290 0.00000 0.27582 0.00000 0.00248 0.00000 
129	2	0.00001 0.00000 0.00042 0.00000 0.01015 0.00000 0.18951 0.00000 0.08176 0.00000 0.41527 0.00000 0.29849 0.00000 0.00440 0.00000 
130	2	0.00001 0.00000 0.00077 0.00000 0.05215 0.00000 0.10728 0.00000 0.05890 0.00000 0.68422 0.00000 0.09458 0.00000 0.00208 0.00000 
131	2	0.00003 0.00000 0.00490 0.00000 0.05444 0.00000 0.13614 0.00000 0.22917 0.00000 0.44232 0.00000 0.12177 0.00000 0.01123 0.00000 
132	2	0.00007 0.00000 0.00237 0.00000 0.01806 0.00000 0.14517 0.00000 0.19804 0.00000 0.19309 0.00000 0.41587 0.00000 0.02732 0.00000 
133	2	0.00005 0.00000 0.01073 0.00000 0.12570 0.00000 0.18530 0.00000 0.28109 0.00000 0.32298 0.00000 0.06593 0.00000 0.00822 0.00000 
134	2	0.00009 0.00000 0.04050 0.00000 0.11860 0.00000 0.07025 0.00000 0.14390 0.00000 0.59640 0.00000 0.02749 0.00000 0.00277 0.00000 
135	2	0.00667 0.00000 0.05420 0.00000 0.13455 0.00000 0.42010 0.00000 0.22448 0.00000 0.10462 0.00000 0.04823 0.00000 0.00713 0.00000 
136	2	0.00898 0.00000 0.05411 0.00000 0.14843 0.00000 0.25344 0.00000 0.30080 0.00000 0.11265 0.00000 0.09320 0.00000 0.02839 0.00000 
137	2	0.00010 0.00000 0.01841 0.00000 0.18460 0.00000 0.12771 0.00000 0.12168 0.00000 0.52240 0.00000 0.02176 0.00000 0.00334 0.00000 
138	2	0.00277 0.00000 0.12534 0.00000 0.06776 0.00000 0.22454 0.00000 0.21188 0.00000 0.21962 0.00000 0.14328 0.00000 0.00480 0.00000 
139	2	0.00192 0.00000 0.12080 0.00000 0.06787 0.00000 0.21225 0.00000 0.29059 0.00000 0.19354 0.00000 0.10422 0.00000 0.00880 0.00000 
140	3	0.00001 0.00000 0.02434 0.00000 0.25257 0.00000 0.22100 0.00000 0.19105 0.00000 0.15105 0.00000 0.13108 0.00000 0.02891 0.00000 
141	3	0.00240 0.00000 0.06625 0.00000 0.12143 0.00000 0.17707 0.00000 0.23106 0.00000 0.18488 0.00000 0.14151 0.00000 0.07540 0.00000 
142	3	0.00001 0.00000 0.03305 0.00000 0.34856 0.00000 0.20688 0.00000 0.12641 0.00000 0.15222 0.00000 0.10668 0.00000 0.02619 0.00000 
143	3	0.00039 0.00000 0.08618 0.00000 0.12275 0.00000 0.20315 0.00000 0.23312 0.00000 0.20803 0.00000 0.13680 0.00000 0.00957 0.00000 
144	3	0.00016 0.00000 0.04773 0.00000 0.22424 0.00000 0.15785 0.00000 0.18539 0.00000 0.20480 0.00000 0.16455 0.00000 0.01530 0.00000 
145	3	0.00002 0.00000 0.00701 0.00000 0.06435 0.00000 0.15548 0.00000 0.29018 0.00000 0.32120 0.00000 0.15465 0.00000 0.00711 0.00000 
146	3	0.00028 0.00000 0.02342 0.00000 0.10500 0.00000 0.15649 0.00000 0.23822 0.00000 0.25719 0.00000 0.20228 0.00000 0.01711 0.00000 
147	3	0.00002 0.00000 0.01707 0.00000 0.16513 0.00000 0.20981 0.00000 0.22522 0.00000 0.18781 0.00000 0.14622 0.00000 0.04871 0.00000 
148	3	0.00002 0.00000 0.01637 0.00000 0.17641 0.00000 0.14805 0.00000 0.14727 0.00000 0.22678 0.00000 0.19378 0.00000 0.09131 0.00000 
149	3	0.00001 0.00000 0.01057 0.00000 0.06697 0.00000 0.14010 0.00000 0.18066 0.00000 0.12438 0.00000 0.25209 0.00000 0.22520 0.00000 
150	3	0.00235 0.00000 0.04253 0.00000 0.07625 0.00000 0.10482 0.00000 0.11890 0.00000 0.13759 0.00000 0.34999 0.00000 0.16757 0.00000 
151	3	0.00152 0.00000 0.03136 0.00000 0.07119 0.00000 0.10519 0.00000 0.11787 0.00000 0.14504 0.00000 0.33096 0.00000 0.19686 0.00000 
152	3	0.00015 0.00000 0.00859 0.00000 0.05028 0.00000 0.19870 0.00000 0.17320 0.00000 0.13852 0.00000 0.20764 0.00000 0.22292 0.00000 
153	3	0.00005 0.00000 0.04421 0.00000 0.26934 0.00000 0.10515 0.00000 0.19014 0.00000 0.19855 0.00000 0.12873 0.00000 0.06384 0.00000 
154	3	0.00055 0.00000 0.03127 0.00000 0.11937 0.00000 0.20323 0.00000 0.24026 0.00000 0.19491 0.00000 0.14302 0.00000 0.06739 0.00000 
155	3	0.03248 0.00000 0.16001 0.00000 0.11843 0.00000 0.09049 0.00000 0.17817 0.00000 0.28545 0.00000 0.12535 0.00000 0.00961 0.00000 
156	3	0.00015 0.00000 0.18872 0.00000 0.21379 0.00000 0.10885 0.00000 0.15676 0.00000 0.17317 0.00000 0.14693 0.00000 0.01162 0.00000 
157	3	0.02243 0.00000 0.23355 0.00000 0.15617 0.00000 0.04688 0.00000 0.04625 0.00000 0.30375 0.00000 0.17381 0.00000 0.01715 0.00000 
158	3	0.00034 0.00000 0.00374 0.00000 0.12937 0.00000 0.07166 0.00000 0.28849 0.00000 0.44767 0.00000 0.05802 0.00000 0.00071 0.00000 
159	3	0.00188 0.00000 0.00646 0.00000 0.31340 0.00000 0.07106 0.00000 0.28978 0.00000 0.25674 0.00000 0.05586 0.00000 0.00482 0.00000 
160	3	0.03252 0.00000 0.05792 0.00000 0.00935 0.00000 0.06269 0.00000 0.64672 0.00000 0.16485 0.00000 0.02394 0.00000 0.00202 0.00000 
161	3	0.00000 0.00000 0.02161 0.00000 0.72005 0.00000 0.13583 0.00000 0.06710 0.00000 0.04107 0.00000 0.01345 0.00000 0.00088 0.00000 
162	3	0.04300 0.00000 0.04570 0.00000 0.02515 0.00000 0.04957 0.00000 0.17235 0.00000 0.56070 0.00000 0.10315 0.00000 0.00037 0.00000 
163	3	0.00069 0.00000 0.00626 0.00000 0.37925 0.00000 0.15896 0.00000 0.14797 0.00000 0.24721 0.00000 0.05540 0.00000 0.00425 0.00000 
164	3	0.05664 0.00000 0.31488 0.00000 0.11905 0.00000 0.06557 0.00000 0.19421 0.00000 0.19459 0.00000 0.04912 0.00000 0.00594 0.00000 
165	3	0.00364 0.00000 0.20282 0.00000 0.26312 0.00000 0.11916 0.00000 0.14058 0.00000 0.12077 0.00000 0.07715 0.00000 0.07275 0.00000 
166	3	0.00001 0.00000 0.00282 0.00000 0.37332 0.00000 0.37044 0.00000 0.06030 0.00000 0.06751 0.00000 0.11518 0.00000 0.01042 0.00000 
167	3	0.00000 0.00000 0.01014 0.00000 0.30062 0.00000 0.39921 0.00000 0.08740 0.00000 0.06228 0.00000 0.10296 0.00000 0.03738 0.00000 
168	3	0.00031 0.00000 0.24826 0.00000 0.20874 0.00000 0.21582 0.00000 0.03762 0.00000 0.08780 0.00000 0.19600 0.00000 0.00545 0.00000 
169	3	0.00165 0.00000 0.39148 0.00000 0.29427 0.00000 0.07075 0.00000 0.05853 0.00000 0.08831 0.00000 0.09100 0.00000 0.00402 0.00000 
170	3	0.00009 0.00000 0.02610 0.00000 0.23528 0.00000 0.26851 0.00000 0.22840 0.00000 0.12383 0.00000 0.07705 0.00000 0.04075 0.00000 
171	3	0.00050 0.00000 0.02887 0.00000 0.08848 0.00000 0.13916 0.00000 0.16347 0.00000 0.19351 0.00000 0.35840 0.00000 0.02759 0.00000 
172	3	0.00005 0.00000 0.00655 0.00000 0.05146 0.00000 0.14829 0.00000 0.18183 0.00000 0.27694 0.00000 0.30922 0.00000 0.02565 0.00000 
173	3	0.00090 0.00000 0.01468 0.00000 0.03194 0.00000 0.14208 0.00000 0.42085 0.00000 0.27272 0.00000 0.11097 0.00000 0.00585 0.00000 
174	3	0.00001 0.00000 0.00477 0.00000 0.38053 0.00000 0.15815 0.00000 0.13623 0.00000 0.14514 0.00000 0.10419 0.00000 0.07098 0.00000 
175	3	0.00000 0.00000 0.00023 0.00000 0.15781 0.00000 0.20115 0.00000 0.19105 0.00000 0.26085 0.00000 0.12858 0.00000 0.06032 0.00000 
176	3	0.00010 0.00000 0.00686 0.00000 0.34723 0.00000 0.09563 0.00000 0.21935 0.00000 0.16506 0.00000 0.10960 0.00000 0.05616 0.00000 
177	3	0.00013 0.00000 0.00156 0.00000 0.34498 0.00000 0.21506 0.00000 0.13389 0.00000 0.13416 0.00000 0.08837 0.00000 0.08184 0.00000 
178	3	0.00063 0.00000 0.13964 0.00000 0.36814 0.00000 0.14333 0.00000 0.12364 0.00000 0.13552 0.00000 0.08545 0.00000 0.00366 0.00000 
179	3	0.00077 0.00000 0.10211 0.00000 0.33161 0.00000 0.16058 0.00000 0.10541 0.00000 0.16502 0.00000 0.13036 0.00000 0.00415 0.00000 
180	3	0.00107 0.00000 0.09692 0.00000 0.30152 0.00000 0.14958 0.00000 0.12598 0.00000 0.23560 0.00000 0.08706 0.00000 0.00227 0.00000 
181	3	0.00208 0.00000 0.15540 0.00000 0.28581 0.00000 0.13039 0.00000 0.15184 0.00000 0.24615 0.00000 0.02640 0.00000 0.00192 0.00000 
182	3	0.00044 0.00000 0.09570 0.00000 0.08680 0.00000 0.10247 0.00000 0.20561 0.00000 0.23712 0.00000 0.15480 0.00000 0.11706 0.00000 
183	3	0.00014 0.00000 0.16643 0.00000 0.28268 0.00000 0.15674 0.00000 0.12063 0.00000 0.20812 0.00000 0.06017 0.00000 0.00509 0.00000 
184	3	0.00037 0.00000 0.01423 0.00000 0.09865 0.00000 0.21017 0.00000 0.25320 0.00000 0.28606 0.00000 0.13024 0.00000 0.00708 0.00000 
185	3	0.00001 0.00000 0.00062 0.00000 0.03243 0.00000 0.11962 0.00000 0.27375 0.00000 0.34997 0.00000 0.20938 0.00000 0.01421 0.00000 
186	3	0.00322 0.00000 0.13164 0.00000 0.21825 0.00000 0.09676 0.00000 0.11423 0.00000 0.20490 0.00000 0.15776 0.00000 0.07322 0.00000 
187	3	0.00329 0.00000 0.09354 0.00000 0.22343 0.00000 0.11687 0.00000 0.13146 0.00000 0.22658 0.00000 0.14297 0.00000 0.06186 0.00000 
188	3	0.00065 0.00000 0.08221 0.00000 0.21689 0.00000 0.10352 0.00000 0.11554 0.00000 0.18637 0.00000 0.15822 0.00000 0.13659 0.00000 
189	3	0.00062 0.00000 0.02635 0.00000 0.08570 0.00000 0.27730 0.00000 0.18967 0.00000 0.17605 0.00000 0.20670 0.00000 0.03759 0.00000 
190	3	0.00008 0.00000 0.01091 0.00000 0.13642 0.00000 0.29228 0.00000 0.26160 0.00000 0.12265 0.00000 0.08812 0.00000 0.08794 0.00000 
191	3	0.00008 0.00000 0.01134 0.00000 0.08045 0.00000 0.18384 0.00000 0.23424 0.00000 0.19175 0.00000 0.15161 0.00000 0.14668 0.00000 
192	3	0.00003 0.00000 0.04221 0.00000 0.10787 0.00000 0.23447 0.00000 0.23720 0.00000 0.13550 0.00000 0.12810 0.00000 0.11462 0.00000 
193	3	0.00118 0.00000 0.04704 0.00000 0.09060 0.00000 0.14146 0.00000 0.21454 0.00000 0.24934 0.00000 0.17702 0.00000 0.07882 0.00000 
194	3	0.00035 0.00000 0.06177 0.00000 0.39767 0.00000 0.18364 0.00000 0.14344 0.00000 0.06392 0.00000 0.08250 0.00000 0.06672 0.00000 
195	3	0.01437 0.00000 0.19686 0.00000 0.31004 0.00000 0.15015 0.00000 0.06617 0.00000 0.05788 0.00000 0.09417 0.00000 0.11037 0.00000 
196	3	0.00356 0.00000 0.11945 0.00000 0.34202 0.00000 0.08432 0.00000 0.06092 0.00000 0.06387 0.00000 0.12824 0.00000 0.19761 0.00000 
197	3	0.00096 0.00000 0.05720 0.00000 0.45519 0.00000 0.18307 0.00000 0.05887 0.00000 0.07596 0.00000 0.16454 0.00000 0.00421 0.00000 
198	3	0.00269 0.00000 0.06842 0.00000 0.40637 0.00000 0.19772 0.00000 0.10080 0.00000 0.06287 0.00000 0.15813 0.00000 0.00297 0.00000 
199	3	0.00155 0.00000 0.22929 0.00000 0.36851 0.00000 0.04859 0.00000 0.07647 0.00000 0.07390 0.00000 0.19510 0.00000 0.00660 0.00000 
200	3	0.00379 0.00000 0.09763 0.00000 0.21693 0.00000 0.12387 0.00000 0.15276 0.00000 0.15962 0.00000 0.22772 0.00000 0.01766 0.00000 
201	3	0.00064 0.00000 0.07375 0.00000 0.15865 0.00000 0.26240 0.00000 0.25690 0.00000 0.16580 0.00000 0.07347 0.00000 0.00839 0.00000 
202	3	0.00102 0.00000 0.06116 0.00000 0.20897 0.00000 0.26835 0.00000 0.18008 0.00000 0.13059 0.00000 0.14775 0.00000 0.00206 0.00000 
203	3	0.00082 0.00000 0.03798 0.00000 0.24621 0.00000 0.22139 0.00000 0.19137 0.00000 0.15629 0.00000 0.14091 0.00000 0.00504 0.00000 
204	3	0.00013 0.00000 0.00821 0.00000 0.04790 0.00000 0.13173 0.00000 0.33632 0.00000 0.33044 0.00000 0.13554 0.00000 0.00972 0.00000 
205	3	0.00437 0.00000 0.27293 0.00000 0.50868 0.00000 0.05742 0.00000 0.04470 0.00000 0.04310 0.00000 0.04762 0.00000 0.02118 0.00000 
206	3	0.00119 0.00000 0.09187 0.00000 0.63867 0.00000 0.08741 0.00000 0.05699 0.00000 0.04975 0.00000 0.05356 0.00000 0.02056 0.00000 
207	3	0.00143 0.00000 0.15580 0.00000 0.44091 0.00000 0.11966 0.00000 0.11536 0.00000 0.10774 0.00000 0.05042 0.00000 0.00867 0.00000 
208	3	0.00001 0.00000 0.00923 0.00000 0.03224 0.00000 0.05347 0.00000 0.10580 0.00000 0.27360 0.00000 0.49081 0.00000 0.03485 0.00000 
209	3	0.00001 0.00000 0.02841 0.00000 0.08059 0.00000 0.12181 0.00000 0.22200 0.00000 0.24825 0.00000 0.27500 0.00000 0.02392 0.00000 
210	4	0.00061 0.00000 0.01666 0.00000 0.09064 0.00000 0.13273 0.00000 0.07954 0.00000 0.27808 0.00000 0.35764 0.00000 0.04410 0.00000 
211	4	0.00077 0.00000 0.01307 0.00000 0.03120 0.00000 0.05197 0.00000 0.22940 0.00000 0.23259 0.00000 0.40907 0.00000 0.03192 0.00000 
212	4	0.00009 0.00000 0.00548 0.00000 0.02040 0.00000 0.06955 0.00000 0.28957 0.00000 0.15195 0.00000 0.43021 0.00000 0.03275 0.00000 
213	4	0.00460 0.00000 0.01668 0.00000 0.01333 0.00000 0.09380 0.00000 0.33738 0.00000 0.22963 0.00000 0.13538 0.00000 0.16920 0.00000 
214	4	0.00039 0.00000 0.01279 0.00000 0.03801 0.00000 0.09611 0.00000 0.19352 0.00000 0.24004 0.00000 0.36454 0.00000 0.05460 0.00000 
215	4	0.00037 0.00000 0.01005 0.00000 0.04080 0.00000 0.11190 0.00000 0.16831 0.00000 0.21912 0.00000 0.38639 0.00000 0.06305 0.00000 
216	4	0.00038 0.00000 0.00912 0.00000 0.02801 0.00000 0.05348 0.00000 0.16068 0.00000 0.34060 0.00000 0.36776 0.00000 0.03997 0.00000 
217	4	0.00016 0.00000 0.00280 0.00000 0.00541 0.00000 0.00962 0.00000 0.02541 0.00000 0.46563 0.00000 0.40915 0.00000 0.08182 0.00000 
218	4	0.00001 0.00000 0.00323 0.00000 0.02563 0.00000 0.10400 0.00000 0.43338 0.00000 0.30508 0.00000 0.10960 0.00000 0.01907 0.00000 
219	4	0.00008 0.00000 0.00600 0.00000 0.02005 0.00000 0.06172 0.00000 0.38214 0.00000 0.33545 0.00000 0.15449 0.00000 0.04006 0.00000 
220	4	0.00050 0.00000 0.01674 0.00000 0.03501 0.00000 0.01842 0.00000 0.11218 0.00000 0.42985 0.00000 0.28742 0.00000 0.09987 0.00000 
221	4	0.00001 0.00000 0.00062 0.00000 0.00899 0.00000 0.08732 0.00000 0.29309 0.00000 0.17537 0.00000 0.37273 0.00000 0.06186 0.00000 
222	4	0.00055 0.00000 0.01265 0.00000 0.03592 0.00000 0.11027 0.00000 0.32873 0.00000 0.20892 0.00000 0.25561 0.00000 0.04734 0.00000 
223	4	0.00537 0.00000 0.04998 0.00000 0.01743 0.00000 0.09555 0.00000 0.12153 0.00000 0.25215 0.00000 0.35716 0.00000 0.10082 0.00000 
224	4	0.00040 0.00000 0.00589 0.00000 0.01507 0.00000 0.05537 0.00000 0.22215 0.00000 0.33900 0.00000 0.27421 0.00000 0.08792 0.00000 
225	4	0.00072 0.00000 0.02917 0.00000 0.02714 0.00000 0.06052 0.00000 0.49597 0.00000 0.14112 0.00000 0.17026 0.00000 0.07510 0.00000 
226	4	0.00082 0.00000 0.00731 0.00000 0.02721 0.00000 0.07002 0.00000 0.20544 0.00000 0.27806 0.00000 0.37543 0.00000 0.03570 0.00000 
227	4	0.00010 0.00000 0.01057 0.00000 0.03056 0.00000 0.10031 0.00000 0.15377 0.00000 0.24940 0.00000 0.33852 0.00000 0.11675 0.00000 
228	4	0.00056 0.00000 0.01147 0.00000 0.08412 0.00000 0.14545 0.00000 0.19815 0.00000 0.18251 0.00000 0.21857 0.00000 0.15917 0.00000 
229	4	0.00094 0.00000 0.01182 0.00000 0.05708 0.00000 0.13553 0.00000 0.20069 0.00000 0.29048 0.00000 0.19157 0.00000 0.11188 0.00000 
230	4	0.00081 0.00000 0.01845 0.00000 0.07215 0.00000 0.09022 0.00000 0.21051 0.00000 0.27657 0.00000 0.30378 0.00000 0.02750 0.00000 
231	4	0.00126 0.00000 0.00955 0.00000 0.02676 0.00000 0.08227 0.00000 0.10306 0.00000 0.30122 0.00000 0.31894 0.00000 0.15695 0.00000 
232	4	0.00036 0.00000 0.00484 0.00000 0.01452 0.00000 0.05863 0.00000 0.21337 0.00000 0.29918 0.00000 0.25143 0.00000 0.15767 0.00000 
233	4	0.00103 0.00000 0.00735 0.00000 0.03780 0.00000 0.10139 0.00000 0.20177 0.00000 0.31757 0.00000 0.16195 0.00000 0.17114 0.00000 
234	4	0.00018 0.00000 0.00924 0.00000 0.03406 0.00000 0.18542 0.00000 0.24137 0.00000 0.32809 0.00000 0.17210 0.00000 0.02955 0.00000 
235	4	0.00069 0.00000 0.01440 0.00000 0.08619 0.00000 0.13912 0.00000 0.12699 0.00000 0.41990 0.00000 0.20222 0.00000 0.01049 0.00000 
236	4	0.00049 0.00000 0.00782 0.00000 0.03839 0.00000 0.07059 0.00000 0.28007 0.00000 0.24722 0.00000 0.32362 0.00000 0.03180 0.00000 
237	4	0.00086 0.00000 0.00790 0.00000 0.02657 0.00000 0.05815 0.00000 0.21710 0.00000 0.29473 0.00000 0.36986 0.00000 0.02483 0.00000 
238	4	0.00008 0.00000 0.13063 0.00000 0.48541 0.00000 0.08427 0.00000 0.08372 0.00000 0.05634 0.00000 0.13532 0.00000 0.02422 0.00000 
239	4	0.30252 0.00000 0.10820 0.00000 0.04405 0.00000 0.19771 0.00000 0.32810 0.00000 0.01427 0.00000 0.00483 0.00000 0.00031 0.00000 
240	4	0.00000 0.00000 0.17143 0.00000 0.19422 0.00000 0.28495 0.00000 0.32748 0.00000 0.01501 0.00000 0.00682 0.00000 0.00007 0.00000 
241	4	0.00009 0.00000 0.02965 0.00000 0.08310 0.00000 0.21212 0.00000 0.31211 0.00000 0.19035 0.00000 0.16017 0.00000 0.01241 0.00000 
242	4	0.00005 0.00000 0.00978 0.00000 0.05005 0.00000 0.24405 0.00000 0.33416 0.00000 0.17757 0.00000 0.16872 0.00000 0.01562 0.00000 
243	4	0.00012 0.00000 0.00250 0.00000 0.26494 0.00000 0.17492 0.00000 0.13617 0.00000 0.20672 0.00000 0.20528 0.00000 0.00934 0.00000 
244	4	0.00008 0.00000 0.00107 0.00000 0.35450 0.00000 0.09450 0.00000 0.23753 0.00000 0.18257 0.00000 0.12497 0.00000 0.00477 0.00000 
245	4	0.00023 0.00000 0.03495 0.00000 0.15910 0.00000 0.29544 0.00000 0.19694 0.00000 0.14502 0.00000 0.15016 0.00000 0.01815 0.00000 
246	4	0.00003 0.00000 0.05402 0.00000 0.13387 0.00000 0.35337 0.00000 0.17943 0.00000 0.12754 0.00000 0.14172 0.00000 0.01001 0.00000 
247	4	0.00005 0.00000 0.01685 0.00000 0.07161 0.00000 0.26712 0.00000 0.44138 0.00000 0.09200 0.00000 0.10538 0.00000 0.00560 0.00000 
248	4	0.00003 0.00000 0.00347 0.00000 0.06556 0.00000 0.28327 0.00000 0.19969 0.00000 0.09842 0.00000 0.34137 0.00000 0.00818 0.00000 
249	4	0.00037 0.00000 0.01615 0.00000 0.47533 0.00000 0.08869 0.00000 0.26779 0.00000 0.09138 0.00000 0.05807 0.00000 0.00222 0.00000 
250	4	0.00021 0.00000 0.05195 0.00000 0.20070 0.00000 0.14230 0.00000 0.04257 0.00000 0.40472 0.00000 0.11980 0.00000 0.03774 0.00000 
251	4	0.00001 0.00000 0.00282 0.00000 0.12854 0.00000 0.13145 0.00000 0.21175 0.00000 0.42270 0.00000 0.09892 0.00000 0.00382 0.00000 
252	4	0.00157 0.00000 0.14072 0.00000 0.00674 0.00000 0.00352 0.00000 0.38192 0.00000 0.21997 0.00000 0.23993 0.00000 0.00562 0.00000 
253	4	0.00004 0.00000 0.00167 0.00000 0.42084 0.00000 0.05367 0.00000 0.22429 0.00000 0.21225 0.00000 0.08671 0.00000 0.00052 0.00000 
254	4	0.00011 0.00000 0.04826 0.00000 0.00272 0.00000 0.01024 0.00000 0.44831 0.00000 0.22553 0.00000 0.25742 0.00000 0.00741 0.00000 
255	4	0.00000 0.00000 0.02159 0.00000 0.12790 0.00000 0.00644 0.00000 0.41580 0.00000 0.15885 0.00000 0.26296 0.00000 0.00647 0.00000 
256	4	0.00003 0.00000 0.00084 0.00000 0.44180 0.00000 0.05252 0.00000 0.17318 0.00000 0.21882 0.00000 0.11197 0.00000 0.00082 0.00000 
257	4	0.00004 0.00000 0.08442 0.00000 0.16404 0.00000 0.12336 0.00000 0.15736 0.00000 0.31227 0.00000 0.14442 0.00000 0.01409 0.00000 
258	4	0.00000 0.00000 0.00279 0.00000 0.05474 0.00000 0.11935 0.00000 0.37639 0.00000 0.33664 0.00000 0.10487 0.00000 0.00521 0.00000 
259	4	0.00003 0.00000 0.02383 0.00000 0.07457 0.00000 0.11667 0.00000 0.27507 0.00000 0.38300 0.00000 0.11122 0.00000 0.01561 0.00000 
260	4	0.00007 0.00000 0.00917 0.00000 0.05611 0.00000 0.09207 0.00000 0.25032 0.00000 0.45472 0.00000 0.10843 0.00000 0.02912 0.00000 
261	4	0.00015 0.00000 0.11792 0.00000 0.15023 0.00000 0.07696 0.00000 0.31424 0.00000 0.23262 0.00000 0.07295 0.00000 0.03493 0.00000 
262	4	0.00046 0.00000 0.05965 0.00000 0.07872 0.00000 0.10810 0.00000 0.21591 0.00000 0.45973 0.00000 0.06740 0.00000 0.01003 0.00000 
263	4	0.00032 0.00000 0.03713 0.00000 0.13432 0.00000 0.18660 0.00000 0.14772 0.00000 0.45146 0.00000 0.03639 0.00000 0.00605 0.00000 
264	4	0.00012 0.00000 0.01931 0.00000 0.01265 0.00000 0.00328 0.00000 0.51955 0.00000 0.19621 0.00000 0.22883 0.00000 0.02005 0.00000 
265	4	0.00002 0.00000 0.00091 0.00000 0.48247 0.00000 0.04515 0.00000 0.18386 0.00000 0.18641 0.00000 0.10021 0.00000 0.00097 0.00000 
266	4	0.00001 0.00000 0.00036 0.00000 0.20134 0.00000 0.29932 0.00000 0.16893 0.00000 0.21528 0.00000 0.11360 0.00000 0.00115 0.00000 
267	4	0.00005 0.00000 0.00117 0.00000 0.43662 0.00000 0.04339 0.00000 0.20916 0.00000 0.17352 0.00000 0.13206 0.00000 0.00402 0.00000 
268	4	0.00002 0.00000 0.00144 0.00000 0.23479 0.00000 0.15892 0.00000 0.15699 0.00000 0.30097 0.00000 0.13330 0.00000 0.01356 0.00000 
269	4	0.00005 0.00000 0.00389 0.00000 0.30749 0.00000 0.13810 0.00000 0.19378 0.00000 0.23571 0.00000 0.11356 0.00000 0.00742 0.00000 
270	4	0.00007 0.00000 0.03783 0.00000 0.11415 0.00000 0.20358 0.00000 0.25860 0.00000 0.18567 0.00000 0.18249 0.00000 0.01762 0.00000 
271	4	0.00093 0.00000 0.05771 0.00000 0.09930 0.00000 0.21651 0.00000 0.25210 0.00000 0.16715 0.00000 0.18775 0.00000 0.01855 0.00000 
272	4	0.00028 0.00000 0.04357 0.00000 0.09388 0.00000 0.29004 0.00000 0.28333 0.00000 0.14397 0.00000 0.14071 0.00000 0.00422 0.00000 
273	4	0.00001 0.00000 0.01215 0.00000 0.10624 0.00000 0.22340 0.00000 0.29493 0.00000 0.16439 0.00000 0.18295 0.00000 0.01593 0.00000 
274	4	0.00004 0.00000 0.27887 0.00000 0.23164 0.00000 0.08509 0.00000 0.14917 0.00000 0.16613 0.00000 0.07270 0.00000 0.01636 0.00000 
275	4	0.00002 0.00000 0.00073 0.00000 0.12762 0.00000 0.06825 0.00000 0.09716 0.00000 0.49218 0.00000 0.14400 0.00000 0.07003 0.00000 
276	4	0.00003 0.00000 0.00685 0.00000 0.02387 0.00000 0.03390 0.00000 0.03406 0.00000 0.11293 0.00000 0.78785 0.00000 0.00050 0.00000 
277	4	0.00000 0.00000 0.00022 0.00000 0.10439 0.00000 0.02967 0.00000 0.23242 0.00000 0.39783 0.00000 0.20718 0.00000 0.02827 0.00000 
278	4	0.00005 0.00000 0.01006 0.00000 0.13833 0.00000 0.06946 0.00000 0.43815 0.00000 0.12856 0.00000 0.20324 0.00000 0.01214 0.00000 
279	4	0.00025 0.00000 0.16551 0.00000 0.21498 0.00000 0.01666 0.00000 0.36762 0.00000 0.15627 0.00000 0.07420 0.00000 0.00452 0.00000 
280	5	0.00005 0.00000 0.00294 0.00000 0.05452 0.00000 0.14136 0.00000 0.11916 0.00000 0.23747 0.00000 0.38605 0.00000 0.05845 0.00000 
281	5	0.00219 0.00000 0.12743 0.00000 0.27165 0.00000 0.18313 0.00000 0.14793 0.00000 0.14231 0.00000 0.09745 0.00000 0.02792 0.00000 
282	5	0.00004 0.00000 0.00960 0.00000 0.07368 0.00000 0.22385 0.00000 0.21355 0.00000 0.18254 0.00000 0.21323 0.00000 0.08350 0.00000 
283	5	0.00006 0.00000 0.01894 0.00000 0.02670 0.00000 0.07920 0.00000 0.16610 0.00000 0.31401 0.00000 0.38303 0.00000 0.01197 0.00000 
284	5	0.00206 0.00000 0.02992 0.00000 0.06878 0.00000 0.08487 0.00000 0.14167 0.00000 0.24773 0.00000 0.36216 0.00000 0.06281 0.00000 
285	5	0.00067 0.00000 0.03450 0.00000 0.04211 0.00000 0.04964 0.00000 0.05168 0.00000 0.34229 0.00000 0.36231 0.00000 0.11680 0.00000 
286	5	0.00030 0.00000 0.05987 0.00000 0.27762 0.00000 0.16860 0.00000 0.06430 0.00000 0.04278 0.00000 0.23262 0.00000 0.15390 0.00000 
287	5	0.00018 0.00000 0.00639 0.00000 0.06396 0.00000 0.20417 0.00000 0.27063 0.00000 0.24830 0.00000 0.16339 0.00000 0.04296 0.00000 
288	5	0.00010 0.00000 0.00320 0.00000 0.02027 0.00000 0.06528 0.00000 0.20411 0.00000 0.39705 0.00000 0.26849 0.00000 0.04151 0.00000 
289	5	0.00022 0.00000 0.00492 0.00000 0.02170 0.00000 0.01457 0.00000 0.11827 0.00000 0.25972 0.00000 0.50506 0.00000 0.07555 0.00000 
290	5	0.00029 0.00000 0.00640 0.00000 0.02287 0.00000 0.01595 0.00000 0.13673 0.00000 0.29573 0.00000 0.47932 0.00000 0.04272 0.00000 
291	5	0.00196 0.00000 0.01877 0.00000 0.14941 0.00000 0.26392 0.00000 0.22079 0.00000 0.21429 0.00000 0.11875 0.00000 0.01210 0.00000 
292	5	0.00003 0.00000 0.00415 0.00000 0.03445 0.00000 0.07430 0.00000 0.12107 0.00000 0.18040 0.00000 0.42797 0.00000 0.15762 0.00000 
293	5	0.00146 0.00000 0.02085 0.00000 0.12586 0.00000 0.33167 0.00000 0.20902 0.00000 0.17055 0.00000 0.12367 0.00000 0.01692 0.00000 
294	5	0.00138 0.00000 0.04545 0.00000 0.15935 0.00000 0.20290 0.00000 0.23442 0.00000 0.21111 0.00000 0.13447 0.00000 0.01091 0.00000 
295	5	0.00073 0.00000 0.01812 0.00000 0.11984 0.00000 0.26097 0.00000 0.27445 0.00000 0.18076 0.00000 0.12925 0.00000 0.01587 0.00000 
296	5	0.00003 0.00000 0.00079 0.00000 0.01117 0.00000 0.03922 0.00000 0.13223 0.00000 0.48227 0.00000 0.26345 0.00000 0.07084 0.00000 
