350	5	8
0	1	0.00000 0.00170 0.01762 0.03746 0.13714 0.24209 0.53054 0.03344 
1	1	0.00020 0.00628 0.01910 0.01835 0.03279 0.05443 0.70163 0.16721 
2	1	0.00000 0.00406 0.03400 0.05494 0.07342 0.31755 0.45206 0.06396 
3	1	0.00016 0.03495 0.06780 0.07249 0.09035 0.32659 0.33020 0.07745 
4	1	0.00000 0.00488 0.15785 0.08142 0.07642 0.16426 0.47771 0.03746 
5	1	0.00011 0.00573 0.05065 0.05197 0.07775 0.10491 0.58289 0.12600 
6	1	0.00008 0.00614 0.05409 0.05349 0.07257 0.10555 0.50782 0.20026 
7	1	0.00017 0.01440 0.08538 0.09207 0.08482 0.11486 0.56848 0.03982 
8	1	0.00037 0.01415 0.05300 0.12647 0.35016 0.21335 0.23290 0.00960 
9	1	0.00015 0.01541 0.07093 0.07580 0.10869 0.14566 0.52370 0.05966 
10	1	0.00009 0.00627 0.01547 0.05923 0.14071 0.26132 0.41831 0.09859 
11	1	0.00055 0.02527 0.06119 0.07346 0.10555 0.29041 0.39669 0.04689 
12	1	0.00033 0.01285 0.05017 0.06280 0.09542 0.24976 0.46316 0.06551 
13	1	0.00000 0.00310 0.02150 0.02510 0.13124 0.41040 0.26206 0.14659 
14	1	0.00170 0.04298 0.09832 0.26685 0.33061 0.20903 0.03781 0.01271 
15	1	0.00050 0.02285 0.07420 0.09579 0.12156 0.04362 0.38306 0.25842 
16	1	0.00001 0.00263 0.01722 0.06110 0.21557 0.02346 0.53019 0.14981 
17	1	0.00004 0.02028 0.07054 0.07449 0.12545 0.02626 0.27999 0.40294 
18	1	0.00003 0.01716 0.06719 0.08281 0.19107 0.03455 0.28035 0.32684 
19	1	0.00040 0.00454 0.02790 0.09221 0.18680 0.12280 0.39092 0.17443 
20	1	0.00009 0.00774 0.05402 0.15662 0.22815 0.15290 0.11881 0.28167 
21	1	0.00009 0.05102 0.08145 0.10863 0.13822 0.19862 0.39543 0.02654 
22	1	0.00001 0.00094 0.01257 0.03935 0.09650 0.12982 0.49442 0.22637 
23	1	0.00001 0.00333 0.02475 0.06780 0.12590 0.06508 0.46663 0.24650 
24	1	0.00002 0.00598 0.02533 0.08731 0.07698 0.28203 0.49375 0.02859 
25	1	0.01345 0.03786 0.04753 0.05627 0.07592 0.26482 0.34656 0.15760 
26	1	0.00005 0.00557 0.02119 0.06150 0.15353 0.28812 0.43700 0.03302 
27	1	0.00039 0.02802 0.06836 0.07211 0.14566 0.32320 0.25814 0.10412 
28	1	0.00000 0.00157 0.01350 0.03246 0.06006 0.16112 0.70554 0.02575 
29	1	0.00001 0.00107 0.01044 0.02682 0.06952 0.20283 0.68187 0.00744 
30	1	0.00005 0.00248 0.02009 0.03639 0.05245 0.15262 0.35114 0.38478 
31	1	0.00002 0.00130 0.01350 0.02848 0.04203 0.13333 0.26780 0.51354 
32	1	0.00002 0.00280 0.02808 0.05631 0.11286 0.05099 0.61580 0.13315 
33	1	0.00014 0.01705 0.11112 0.20921 0.20596 0.13941 0.26765 0.04947 
34	1	0.00000 0.00122 0.03379 0.10745 0.12583 0.22547 0.48505 0.02118 
35	1	0.00006 0.00583 0.01675 0.03064 0.07790 0.30843 0.37954 0.18085 
36	1	0.00006 0.00637 0.01625 0.02893 0.06286 0.29764 0.32328 0.26461 
37	1	0.00132 0.14548 0.07987 0.13485 0.13782 0.07850 0.39283 0.02932 
38	1	0.00008 0.00907 0.04649 0.06789 0.11215 0.24050 0.50128 0.02254 
39	1	0.00008 0.01276 0.09249 0.13397 0.22079 0.26899 0.26387 0.00706 
40	1	0.00004 0.00495 0.03046 0.06005 0.17782 0.28687 0.41317 0.02665 
41	1	0.00002 0.00166 0.01420 0.06030 0.18942 0.22735 0.46490 0.04214 
42	1	0.00004 0.00177 0.01803 0.08522 0.13251 0.28865 0.44016 0.03362 
43	1	0.00067 0.01600 0.02840 0.02600 0.04751 0.14923 0.60076 0.13145 
44	1	0.00025 0.00477 0.00906 0.01082 0.02190 0.21670 0.65807 0.07842 
45	1	0.00017 0.01946 0.23672 0.08900 0.07179 0.15134 0.38355 0.04796 
46	1	0.00018 0.00784 0.03940 0.05010 0.08041 0.29385 0.50935 0.01885 
47	1	0.00002 0.00225 0.01977 0.03407 0.05964 0.37879 0.46028 0.04517 
48	1	0.00028 0.02314 0.06570 0.06944 0.11774 0.34159 0.25477 0.12733 
49	1	0.00012 0.00420 0.01522 0.02409 0.08647 0.41820 0.39902 0.05267 
50	1	0.00003 0.00191 0.01397 0.02687 0.04729 0.42459 0.44102 0.04432 
51	1	0.00040 0.00977 0.03462 0.04480 0.06708 0.08812 0.45642 0.29877 
52	1	0.00036 0.01067 0.03599 0.03906 0.05146 0.09831 0.63987 0.12427 
53	1	0.00002 0.01275 0.02482 0.03903 0.04988 0.18832 0.59413 0.09105 
54	1	0.00001 0.00502 0.02219 0.02902 0.02917 0.06441 0.77980 0.07039 
55	1	0.00002 0.02140 0.03244 0.00807 0.00884 0.25875 0.65167 0.01880 
56	1	0.00000 0.01245 0.03928 0.00807 0.00834 0.01162 0.85320 0.06703 
57	1	0.00002 0.00909 0.03142 0.20039 0.08269 0.01247 0.62072 0.04319 
58	1	0.00010 0.01745 0.05348 0.16754 0.15058 0.01495 0.50590 0.09001 
59	1	0.00089 0.04570 0.05713 0.06662 0.15461 0.29763 0.32334 0.05409 
60	1	0.00003 0.02083 0.07422 0.10080 0.24395 0.02542 0.42387 0.11087 
61	1	0.00017 0.01743 0.05060 0.15165 0.16403 0.01720 0.51152 0.08740 
62	1	0.00013 0.00140 0.01594 0.08019 0.29852 0.32005 0.25687 0.02690 
63	1	0.00041 0.00330 0.01484 0.11211 0.15752 0.32101 0.34723 0.04357 
64	1	0.00021 0.02317 0.32376 0.24785 0.03334 0.02985 0.33750 0.00432 
65	1	0.00002 0.04990 0.38351 0.07743 0.01931 0.02362 0.43674 0.00948 
66	1	0.00020 0.08194 0.25320 0.02559 0.01847 0.35237 0.26378 0.00445 
67	1	0.00026 0.04225 0.20328 0.23561 0.07962 0.02869 0.16663 0.24367 
68	1	0.00004 0.00235 0.05317 0.07786 0.09096 0.35132 0.34712 0.07718 
69	1	0.00000 0.00125 0.02976 0.05889 0.07026 0.31030 0.45457 0.07496 
70	2	0.00085 0.09021 0.12665 0.15582 0.36602 0.13385 0.11425 0.01235 
71	2	0.00150 0.13199 0.14433 0.07801 0.36166 0.15456 0.11125 0.01671 
72	2	0.00079 0.10254 0.13588 0.13697 0.34185 0.13205 0.14173 0.00818 
73	2	0.00220 0.12754 0.12010 0.31195 0.17910 0.13124 0.11717 0.01070 
74	2	0.00317 0.15030 0.11540 0.14700 0.29521 0.10542 0.17650 0.00700 
75	2	0.00102 0.00421 0.03089 0.20708 0.58568 0.15526 0.01190 0.00395 
76	2	0.00001 0.00105 0.01433 0.08273 0.34185 0.42921 0.11810 0.01272 
77	2	0.00030 0.00430 0.02571 0.18004 0.54942 0.17071 0.06519 0.00432 
78	2	0.00282 0.05059 0.09109 0.10207 0.07306 0.56462 0.09448 0.02126 
79	2	0.00037 0.04320 0.08458 0.08699 0.12592 0.57480 0.07239 0.01175 
80	2	0.00061 0.02426 0.13175 0.15455 0.13691 0.50703 0.03740 0.00749 
81	2	0.00009 0.00810 0.02235 0.03615 0.05660 0.30775 0.49623 0.07273 
82	2	0.01183 0.04007 0.11177 0.25665 0.32231 0.10088 0.10252 0.05396 
83	2	0.00264 0.05334 0.13288 0.34711 0.13733 0.09075 0.20157 0.03438 
84	2	0.00007 0.00740 0.11166 0.51648 0.24446 0.02947 0.06392 0.02654 
85	2	0.00126 0.02777 0.20712 0.45636 0.11540 0.07237 0.08719 0.03252 
86	2	0.00411 0.04470 0.09622 0.19988 0.37820 0.13413 0.12987 0.01288 
87	2	0.00063 0.03967 0.14937 0.22548 0.31452 0.11481 0.14883 0.00668 
88	2	0.00115 0.04469 0.15930 0.28861 0.27382 0.11165 0.11149 0.00928 
89	2	0.00360 0.18316 0.14294 0.04053 0.24922 0.34463 0.03022 0.00570 
90	2	0.00190 0.03255 0.09220 0.11192 0.36154 0.34755 0.04239 0.00996 
91	2	0.00007 0.00118 0.00490 0.01545 0.04060 0.89895 0.03433 0.00453 
92	2	0.00009 0.01794 0.09252 0.15215 0.36616 0.24181 0.12675 0.00258 
93	2	0.00001 0.00283 0.10257 0.28617 0.27168 0.30104 0.03493 0.00076 
94	2	0.00009 0.01697 0.18602 0.19160 0.28032 0.25551 0.06885 0.00063 
95	2	0.00002 0.00264 0.09216 0.21671 0.26113 0.39418 0.03235 0.00080 
96	2	0.00010 0.01078 0.17761 0.14521 0.23077 0.29150 0.14352 0.00052 
97	2	0.00002 0.00228 0.14759 0.23745 0.35618 0.19639 0.05850 0.00160 
98	2	0.00002 0.00162 0.17105 0.12155 0.27112 0.33505 0.09861 0.00098 
99	2	0.00010 0.00184 0.01150 0.38703 0.16810 0.33601 0.09381 0.00161 
100	2	0.00050 0.00211 0.23386 0.04087 0.33982 0.29076 0.09163 0.00046 
101	2	0.00000 0.00111 0.00241 0.23696 0.08631 0.46692 0.19992 0.00637 
102	2	0.00022 0.01193 0.07127 0.12359 0.58923 0.15407 0.04324 0.00643 
103	2	0.00109 0.02294 0.11896 0.29386 0.26315 0.26301 0.03695 0.00004 
104	2	0.00015 0.03742 0.15742 0.30370 0.29809 0.19907 0.00412 0.00003 
105	2	0.00358 0.25942 0.14922 0.21903 0.16970 0.12827 0.06925 0.00152 
106	2	0.00021 0.03581 0.18411 0.38069 0.17436 0.19380 0.02977 0.00124 
107	2	0.00004 0.01197 0.13155 0.20540 0.28276 0.35388 0.01438 0.00002 
108	2	0.00003 0.14342 0.12919 0.13545 0.31025 0.18907 0.09118 0.00142 
109	2	0.00004 0.21497 0.14116 0.10546 0.19375 0.24877 0.09377 0.00207 
110	2	0.00011 0.00287 0.00453 0.21228 0.26940 0.35630 0.15386 0.00064 
111	2	0.00013 0.01749 0.02567 0.16747 0.28275 0.39845 0.10300 0.00504 
112	2	0.00004 0.00580 0.06746 0.10562 0.43149 0.26811 0.11925 0.00224 
113	2	0.00000 0.00159 0.02979 0.09686 0.37497 0.44620 0.04426 0.00632 
114	2	0.00021 0.01397 0.11234 0.20530 0.28373 0.32716 0.04890 0.00838 
115	2	0.00017 0.01246 0.16271 0.26313 0.22884 0.28900 0.03893 0.00476 
116	2	0.00158 0.03660 0.06300 0.23035 0.29511 0.32095 0.04785 0.00457 
117	2	0.00177 0.04942 0.11014 0.06959 0.28163 0.35373 0.12190 0.01182 
118	2	0.00000 0.00024 0.00097 0.01985 0.21278 0.46540 0.29844 0.00231 
119	2	0.00001 0.00953 0.14365 0.08465 0.10080 0.50864 0.14667 0.00605 
120	2	0.00002 0.00500 0.08946 0.07352 0.15540 0.60802 0.06755 0.00102 
121	2	0.00004 0.01016 0.06088 0.05940 0.18576 0.61649 0.06440 0.00287 
122	2	0.00006 0.02700 0.03437 0.20247 0.31701 0.08858 0.32101 0.00950 
123	2	0.00007 0.00246 0.01164 0.03297 0.22716 0.70273 0.02038 0.00260 
124	2	0.00000 0.00161 0.03810 0.29915 0.26782 0.16874 0.21487 0.00971 
125	2	0.00039 0.05142 0.09955 0.42294 0.18948 0.10745 0.12190 0.00688 
126	2	0.00005 0.00160 0.03876 0.17687 0.22170 0.43671 0.11403 0.01027 
127	2	0.00012 0.00904 0.11129 0.18101 0.39099 0.26082 0.04186 0.00487 
128	2	0.00000 0.00050 0.00971 0.14292 0.05734 0.39153 0.39570 0.00230 
129	2	0.00000 0.00056 0.01813 0.19332 0.06647 0.34842 0.36927 0.00380 
130	2	0.00002 0.00245 0.06919 0.09212 0.05762 0.63969 0.13705 0.00185 
131	2	0.00005 0.00571 0.05465 0.14000 0.23434 0.44611 0.10942 0.00972 
132	2	0.00010 0.00264 0.03127 0.13932 0.19716 0.18859 0.41642 0.02450 
133	2	0.00006 0.00884 0.11773 0.18794 0.26962 0.34310 0.06460 0.00812 
134	2	0.00010 0.04125 0.11561 0.07499 0.12617 0.61754 0.02235 0.00198 
135	2	0.00307 0.06449 0.12800 0.44325 0.20995 0.09582 0.04724 0.00818 
136	2	0.00392 0.07420 0.12655 0.30225 0.27108 0.11153 0.08424 0.02622 
137	2	0.00007 0.01318 0.16606 0.15024 0.09862 0.54867 0.02055 0.00261 
138	2	0.00357 0.12899 0.07335 0.21691 0.21961 0.20589 0.14790 0.00377 
139	2	0.00228 0.12507 0.07192 0.21712 0.29108 0.19004 0.09523 0.00727 
140	3	0.00002 0.05096 0.29117 0.25115 0.13946 0.14631 0.10568 0.01525 
141	3	0.00282 0.07145 0.15753 0.20116 0.21579 0.17147 0.13377 0.04600 
142	3	0.00001 0.12030 0.35382 0.16583 0.12832 0.12423 0.09427 0.01320 
143	3	0.00033 0.09720 0.18762 0.23143 0.22357 0.15737 0.09585 0.00663 
144	3	0.00026 0.07957 0.24781 0.16673 0.19263 0.19115 0.11725 0.00459 
145	3	0.00007 0.01870 0.09850 0.19527 0.31340 0.29317 0.07735 0.00354 
146	3	0.00001 0.00951 0.12341 0.16962 0.25472 0.26893 0.16264 0.01115 
147	3	0.00002 0.03606 0.22280 0.22002 0.20556 0.16862 0.11890 0.02800 
148	3	0.00002 0.01629 0.19193 0.15523 0.18549 0.22493 0.16767 0.05842 
149	3	0.00002 0.00763 0.07292 0.14302 0.19002 0.13971 0.23696 0.20971 
150	3	0.00138 0.04581 0.08325 0.11079 0.12832 0.13646 0.34122 0.15276 
151	3	0.00144 0.03587 0.07445 0.11059 0.13405 0.14138 0.31562 0.18660 
152	3	0.00010 0.00754 0.05230 0.21378 0.18559 0.13770 0.20873 0.19427 
153	3	0.00006 0.07789 0.26577 0.14466 0.19228 0.16987 0.11131 0.03816 
154	3	0.00180 0.05492 0.17203 0.23597 0.20996 0.16143 0.12237 0.04152 
155	3	0.04060 0.15687 0.12889 0.12701 0.23330 0.26242 0.04828 0.00262 
156	3	0.00000 0.00364 0.36011 0.13902 0.18742 0.19185 0.11165 0.00628 
157	3	0.01442 0.23543 0.16327 0.04651 0.07636 0.34310 0.11551 0.00540 
158	3	0.00038 0.00582 0.13319 0.07976 0.36777 0.37770 0.03490 0.00047 
159	3	0.00250 0.00729 0.32062 0.07453 0.36420 0.19245 0.03678 0.00162 
160	3	0.01660 0.07306 0.00938 0.13192 0.64259 0.10920 0.01615 0.00110 
161	3	0.00031 0.02217 0.72303 0.08758 0.10656 0.04645 0.01318 0.00072 
162	3	0.04117 0.05142 0.04282 0.11278 0.48767 0.25866 0.00541 0.00008 
163	3	0.00119 0.00641 0.40056 0.14286 0.21393 0.20375 0.02957 0.00173 
164	3	0.04996 0.31230 0.12498 0.07572 0.25347 0.15530 0.02661 0.00165 
165	3	0.00043 0.19217 0.30438 0.12800 0.17464 0.07763 0.11360 0.00914 
166	3	0.00005 0.00892 0.46664 0.30772 0.05747 0.10123 0.05764 0.00032 
167	3	0.00002 0.01750 0.40111 0.34749 0.06207 0.07523 0.09582 0.00075 
168	3	0.00012 0.10673 0.43537 0.13690 0.05317 0.17269 0.09447 0.00055 
169	3	0.00003 0.24273 0.35144 0.17835 0.08435 0.09751 0.04481 0.00078 
170	3	0.00007 0.01812 0.24034 0.31621 0.23303 0.09990 0.08551 0.00681 
171	3	0.00001 0.01847 0.12145 0.15691 0.16412 0.36380 0.16105 0.01420 
172	3	0.00015 0.01350 0.11895 0.17423 0.16938 0.45698 0.05157 0.01525 
173	3	0.00140 0.01810 0.05309 0.29160 0.41527 0.17825 0.04158 0.00070 
174	3	0.00003 0.00906 0.41977 0.14470 0.17135 0.11559 0.10913 0.03037 
175	3	0.00012 0.00364 0.30845 0.14197 0.27449 0.15110 0.10112 0.01911 
176	3	0.00000 0.00395 0.33089 0.12753 0.25016 0.15720 0.10670 0.02356 
177	3	0.00016 0.00246 0.30756 0.26414 0.17738 0.10504 0.10501 0.03825 
178	3	0.00125 0.19945 0.37228 0.14361 0.13561 0.12604 0.01959 0.00218 
179	3	0.00178 0.15749 0.34950 0.13464 0.14054 0.18261 0.03171 0.00172 
180	3	0.00194 0.15081 0.31742 0.13717 0.19317 0.18784 0.01038 0.00127 
181	3	0.00385 0.22562 0.26698 0.14592 0.24215 0.10927 0.00509 0.00112 
182	3	0.00035 0.09366 0.12860 0.15535 0.25095 0.18193 0.13950 0.04966 
183	3	0.00044 0.23938 0.27528 0.14941 0.18189 0.13603 0.01350 0.00406 
184	3	0.00055 0.03181 0.16104 0.24099 0.25828 0.23737 0.06793 0.00203 
185	3	0.00001 0.00267 0.06577 0.18433 0.30795 0.31081 0.12109 0.00737 
186	3	0.00261 0.14835 0.23873 0.11874 0.21917 0.15392 0.09532 0.02314 
187	3	0.00254 0.11913 0.25490 0.13784 0.23794 0.14538 0.08186 0.02040 
188	3	0.00421 0.14127 0.20874 0.11984 0.18269 0.14494 0.12125 0.07707 
189	3	0.00085 0.04041 0.20282 0.28340 0.15048 0.24828 0.06587 0.00788 
190	3	0.00030 0.03722 0.29361 0.31247 0.13180 0.09029 0.07110 0.06320 
191	3	0.00011 0.02931 0.13890 0.22580 0.21693 0.14400 0.11812 0.12683 
192	3	0.00000 0.00881 0.14907 0.24532 0.24270 0.13480 0.09845 0.12083 
193	3	0.00121 0.05406 0.13837 0.18905 0.22533 0.21084 0.12966 0.05148 
194	3	0.00032 0.09641 0.41517 0.23760 0.09450 0.06771 0.04114 0.04714 
195	3	0.01202 0.19525 0.39131 0.11022 0.07252 0.07843 0.03227 0.10797 
196	3	0.00362 0.13077 0.36080 0.09142 0.06917 0.10465 0.05546 0.18411 
197	3	0.00122 0.05421 0.56439 0.11862 0.07014 0.18052 0.01035 0.00055 
198	3	0.00407 0.09754 0.46950 0.18398 0.06279 0.17270 0.00902 0.00041 
199	3	0.00142 0.34641 0.26076 0.05683 0.08780 0.21583 0.02785 0.00310 
200	3	0.00650 0.17320 0.18441 0.14871 0.13673 0.27967 0.05689 0.01388 
201	3	0.00460 0.14541 0.17605 0.31116 0.23281 0.10329 0.01912 0.00755 
202	3	0.00354 0.12267 0.29453 0.23128 0.15552 0.17820 0.01303 0.00122 
203	3	0.00204 0.12375 0.28431 0.22539 0.16848 0.16684 0.02633 0.00286 
204	3	0.00019 0.01207 0.07834 0.23606 0.39110 0.24108 0.03782 0.00334 
205	3	0.00612 0.54099 0.26590 0.05588 0.04358 0.04092 0.03354 0.01307 
206	3	0.00228 0.41756 0.36196 0.07229 0.05120 0.04712 0.03637 0.01121 
207	3	0.00436 0.36996 0.28625 0.11367 0.11695 0.08069 0.02287 0.00525 
208	3	0.00001 0.01567 0.03958 0.08112 0.17761 0.34449 0.33930 0.00221 
209	3	0.00005 0.04647 0.10463 0.18743 0.20870 0.26541 0.18516 0.00215 
210	4	0.00045 0.01417 0.09056 0.13240 0.06002 0.29693 0.36010 0.04537 
211	4	0.00068 0.01172 0.03232 0.04429 0.15267 0.31370 0.41195 0.03268 
212	4	0.00007 0.00219 0.01664 0.05559 0.20907 0.24875 0.43349 0.03421 
213	4	0.00461 0.01806 0.01402 0.05432 0.34919 0.20725 0.18370 0.16885 
214	4	0.00026 0.00993 0.03429 0.08483 0.14707 0.27839 0.38946 0.05576 
215	4	0.00020 0.00792 0.03599 0.10155 0.15827 0.20662 0.42570 0.06375 
216	4	0.00026 0.00728 0.02412 0.05137 0.11840 0.29447 0.46226 0.04183 
217	4	0.00013 0.00255 0.00540 0.00947 0.02214 0.29944 0.58035 0.08052 
218	4	0.00002 0.00054 0.01266 0.04150 0.30176 0.51905 0.10834 0.01613 
219	4	0.00002 0.00319 0.01959 0.06402 0.15763 0.54810 0.16716 0.04029 
220	4	0.00038 0.01564 0.03615 0.01608 0.10462 0.40791 0.31442 0.10479 
221	4	0.00001 0.00045 0.00815 0.08205 0.24520 0.22260 0.37733 0.06421 
222	4	0.00041 0.01192 0.03728 0.10501 0.26504 0.25633 0.27262 0.05140 
223	4	0.00044 0.05312 0.02048 0.08284 0.11728 0.22752 0.40330 0.09502 
224	4	0.00031 0.00503 0.01359 0.04948 0.20995 0.32667 0.29168 0.10328 
225	4	0.00057 0.02679 0.02770 0.05700 0.23235 0.40837 0.16994 0.07728 
226	4	0.00087 0.00744 0.02473 0.06448 0.17636 0.19087 0.49522 0.04002 
227	4	0.00005 0.00758 0.03381 0.10081 0.15482 0.22907 0.34417 0.12970 
228	4	0.00052 0.01061 0.08277 0.14262 0.20359 0.11722 0.27952 0.16315 
229	4	0.00059 0.01205 0.06342 0.13215 0.21179 0.27465 0.18767 0.11769 
230	4	0.00061 0.01565 0.07272 0.09436 0.10418 0.37912 0.30520 0.02816 
231	4	0.00106 0.01034 0.03193 0.08610 0.07722 0.29235 0.33682 0.16417 
232	4	0.00031 0.00511 0.01675 0.06540 0.22187 0.28034 0.24981 0.16042 
233	4	0.00095 0.00718 0.03798 0.10229 0.15118 0.36395 0.15467 0.18180 
234	4	0.00012 0.00699 0.03999 0.19702 0.22746 0.26132 0.22952 0.03759 
235	4	0.00074 0.01409 0.08220 0.13953 0.12859 0.39961 0.22459 0.01064 
236	4	0.00045 0.00684 0.03767 0.06578 0.16236 0.27425 0.42048 0.03216 
237	4	0.00067 0.00798 0.02804 0.05599 0.14400 0.36582 0.37277 0.02474 
238	4	0.00005 0.00466 0.59869 0.09836 0.08120 0.05451 0.12647 0.03605 
239	4	0.29945 0.11696 0.05179 0.28034 0.23464 0.01224 0.00433 0.00024 
240	4	0.00000 0.04574 0.30304 0.30106 0.32711 0.01620 0.00675 0.00009 
241	4	0.00003 0.02288 0.07879 0.11960 0.38350 0.20827 0.17003 0.01690 
242	4	0.00012 0.01602 0.05094 0.23018 0.34051 0.17485 0.16747 0.01991 
243	4	0.00015 0.00300 0.19366 0.24274 0.13374 0.20818 0.20502 0.01350 
244	4	0.00009 0.00134 0.31452 0.16404 0.20678 0.18161 0.12613 0.00549 
245	4	0.00014 0.03527 0.12352 0.32162 0.19330 0.15295 0.15024 0.02295 
246	4	0.00010 0.06178 0.13190 0.32677 0.20505 0.12498 0.14291 0.00651 
247	4	0.00005 0.01270 0.06012 0.21613 0.45473 0.14482 0.10590 0.00556 
248	4	0.00004 0.00451 0.08355 0.23877 0.23057 0.09304 0.33807 0.01144 
249	4	0.00014 0.01377 0.45914 0.11010 0.26707 0.09407 0.05431 0.00140 
250	4	0.00014 0.02414 0.21308 0.14742 0.05130 0.03295 0.48464 0.04633 
251	4	0.00001 0.00495 0.13309 0.13045 0.14432 0.49169 0.09180 0.00369 
252	4	0.00013 0.10884 0.03952 0.00301 0.36618 0.21480 0.26190 0.00561 
253	4	0.00005 0.00228 0.41995 0.05935 0.22262 0.21451 0.08072 0.00050 
254	4	0.00010 0.04790 0.00308 0.00964 0.43844 0.22894 0.26335 0.00855 
255	4	0.00000 0.00014 0.14464 0.00770 0.22208 0.31222 0.30488 0.00835 
256	4	0.00002 0.00078 0.34553 0.14677 0.17921 0.21415 0.11240 0.00114 
257	4	0.00007 0.00649 0.20000 0.13191 0.15557 0.33557 0.15054 0.01985 
258	4	0.00001 0.00483 0.06491 0.11872 0.17292 0.52899 0.10478 0.00484 
259	4	0.00002 0.01427 0.07884 0.11176 0.14751 0.51307 0.11657 0.01796 
260	4	0.00007 0.00478 0.05696 0.08707 0.14754 0.56059 0.11617 0.02683 
261	4	0.00021 0.12080 0.14822 0.07689 0.09244 0.45007 0.07820 0.03317 
262	4	0.00059 0.06475 0.08767 0.13206 0.18397 0.46046 0.06238 0.00811 
263	4	0.00003 0.02967 0.13893 0.19419 0.13277 0.46185 0.03777 0.00477 
264	4	0.00012 0.01625 0.01574 0.00318 0.51096 0.22693 0.21635 0.01047 
265	4	0.00002 0.00118 0.42482 0.10715 0.18718 0.18510 0.09367 0.00088 
266	4	0.00001 0.00040 0.00507 0.49629 0.17189 0.21444 0.11083 0.00107 
267	4	0.00006 0.00181 0.33117 0.15277 0.22328 0.16821 0.12032 0.00237 
268	4	0.00001 0.00141 0.08488 0.28376 0.15867 0.30505 0.14550 0.02072 
269	4	0.00004 0.00497 0.19745 0.22748 0.19295 0.25083 0.11600 0.01027 
270	4	0.00005 0.03589 0.11565 0.18086 0.27608 0.17801 0.19366 0.01980 
271	4	0.00036 0.05355 0.10244 0.17737 0.28230 0.17810 0.18573 0.02015 
272	4	0.00065 0.04956 0.08451 0.28526 0.29094 0.15059 0.13395 0.00454 
273	4	0.00001 0.01889 0.10622 0.20079 0.30753 0.17077 0.17810 0.01769 
274	4	0.00006 0.08869 0.41431 0.09120 0.14212 0.17595 0.06578 0.02190 
275	4	0.00000 0.00088 0.11980 0.07644 0.10038 0.48780 0.17276 0.04194 
276	4	0.00002 0.00445 0.02467 0.03414 0.03542 0.11481 0.78164 0.00484 
277	4	0.00001 0.00027 0.10415 0.03397 0.14731 0.48895 0.21898 0.00635 
278	4	0.00005 0.04714 0.10200 0.06868 0.37112 0.20605 0.20015 0.00480 
279	4	0.00002 0.00258 0.37148 0.01613 0.20364 0.31515 0.08669 0.00430 
280	5	0.00027 0.00753 0.07910 0.12844 0.11279 0.24782 0.36821 0.05583 
281	5	0.00919 0.13773 0.28451 0.15987 0.14329 0.13843 0.09495 0.03203 
282	5	0.00007 0.01477 0.08856 0.23478 0.18770 0.18270 0.20930 0.08212 
283	5	0.00022 0.01966 0.02640 0.08089 0.16457 0.31202 0.37561 0.02061 
284	5	0.00097 0.02933 0.06744 0.08859 0.14411 0.26332 0.35279 0.05345 
285	5	0.00051 0.03182 0.04164 0.04900 0.05961 0.35370 0.33331 0.13041 
286	5	0.00105 0.07665 0.26980 0.15873 0.06366 0.04312 0.21702 0.16997 
287	5	0.00027 0.01572 0.08282 0.20404 0.25992 0.22940 0.16380 0.04404 
288	5	0.00015 0.00337 0.02255 0.07250 0.21141 0.40648 0.24559 0.03795 
289	5	0.00042 0.00651 0.02123 0.01329 0.09293 0.27297 0.50353 0.08912 
290	5	0.00037 0.00620 0.02170 0.01233 0.11253 0.28316 0.51276 0.05094 
291	5	0.00254 0.02106 0.10861 0.25694 0.24797 0.20920 0.13465 0.01902 
292	5	0.00012 0.00734 0.04480 0.06924 0.11365 0.17759 0.42627 0.16099 
293	5	0.00176 0.02070 0.10095 0.33425 0.22488 0.17725 0.12341 0.01680 
294	5	0.00104 0.01458 0.14830 0.20126 0.26808 0.20565 0.15121 0.00987 
295	5	0.00102 0.01794 0.11327 0.26661 0.29039 0.17200 0.12602 0.01275 
296	5	0.00002 0.00106 0.01231 0.04214 0.14337 0.48356 0.25248 0.06505 
297	5	0.00068 0.01754 0.03095 0.06597 0.18360 0.37332 0.30611 0.02182 
298	5	0.00041 0.02315 0.08333 0.22014 0.24566 0.22415 0.17568 0.02748 
299	5	0.00002 0.01059 0.03840 0.08441 0.13571 0.32920 0.38574 0.01594 
300	5	0.00002 0.00592 0.07164 0.12799 0.17433 0.30073 0.29554 0.02383 
301	5	0.00000 0.00507 0.03687 0.20107 0.24675 0.16324 0.21161 0.13537 
302	5	0.00003 0.00690 0.03325 0.05490 0.18898 0.31230 0.33207 0.07156 
303	5	0.00019 0.00247 0.01295 0.11319 0.30219 0.25203 0.24735 0.06963 
304	5	0.00042 0.00922 0.04533 0.07754 0.27369 0.24676 0.24435 0.10268 
305	5	0.00000 0.00061 0.02064 0.16653 0.49350 0.17653 0.10950 0.03267 
306	5	0.00005 0.02627 0.23200 0.19557 0.18884 0.15515 0.14874 0.05337 
307	5	0.00001 0.00096 0.03510 0.12811 0.25166 0.37828 0.14548 0.06040 
308	5	0.00008 0.05972 0.21029 0.21887 0.23418 0.18231 0.07515 0.01939 
309	5	0.00001 0.00399 0.12625 0.29945 0.30147 0.17068 0.07662 0.02152 
310	5	0.00006 0.00688 0.10719 0.18340 0.22390 0.26392 0.19129 0.02335 
311	5	0.00001 0.00100 0.03661 0.17278 0.24900 0.31224 0.19765 0.03070 
312	5	0.00001 0.00085 0.04748 0.16597 0.29092 0.32503 0.11369 0.05604 
313	5	0.00004 0.00515 0.07284 0.14575 0.22182 0.23779 0.21868 0.09793 
314	5	0.00002 0.00170 0.00774 0.04555 0.18288 0.67830 0.05203 0.03177 
315	5	0.00001 0.00213 0.05084 0.16245 0.30843 0.30435 0.12149 0.05029 
316	5	0.00005 0.00192 0.01447 0.07012 0.30321 0.43012 0.13042 0.04971 
317	5	0.00017 0.04664 0.23641 0.28445 0.16703 0.07253 0.13127 0.06149 
318	5	0.00002 0.00130 0.01349 0.05690 0.20227 0.41953 0.25276 0.05372 
319	5	0.00008 0.01165 0.16513 0.24162 0.19151 0.16837 0.17764 0.04400 
320	5	0.00003 0.00493 0.10502 0.32264 0.23351 0.16289 0.12089 0.05009 
321	5	0.00025 0.00364 0.01992 0.28110 0.57490 0.09735 0.02187 0.00096 
322	5	0.00003 0.00094 0.01321 0.10100 0.30818 0.54374 0.03184 0.00106 
323	5	0.00038 0.03109 0.19100 0.42640 0.18979 0.07019 0.05777 0.03337 
324	5	0.00022 0.02565 0.16685 0.36870 0.24973 0.07157 0.10750 0.00978 
325	5	0.00043 0.00992 0.11331 0.32333 0.25775 0.09692 0.10205 0.09628 
326	5	0.00019 0.01874 0.21495 0.39262 0.20380 0.09499 0.04854 0.02617 
327	5	0.00005 0.04313 0.21404 0.24408 0.09948 0.09367 0.21794 0.08761 
328	5	0.00001 0.04412 0.26224 0.17925 0.09791 0.07196 0.10366 0.24085 
329	5	0.00006 0.00175 0.02150 0.21967 0.41514 0.18868 0.10202 0.05120 
330	5	0.00006 0.00365 0.04472 0.06683 0.12406 0.20150 0.37487 0.18431 
331	5	0.00003 0.00165 0.00820 0.03117 0.04858 0.09783 0.47358 0.33897 
332	5	0.00006 0.00135 0.01040 0.03843 0.07427 0.21092 0.53505 0.12952 
333	5	0.00002 0.00133 0.01840 0.11442 0.34139 0.25189 0.21707 0.05547 
334	5	0.00018 0.02093 0.09809 0.13652 0.20747 0.15788 0.27722 0.10172 
335	5	0.00017 0.00510 0.03823 0.11001 0.24630 0.19493 0.28312 0.12213 
336	5	0.00000 0.00015 0.00738 0.07862 0.21368 0.38542 0.22173 0.09301 
337	5	0.00020 0.01755 0.07682 0.12160 0.25420 0.29210 0.01817 0.21937 
338	5	0.00018 0.00725 0.08318 0.21167 0.27318 0.19987 0.22030 0.00437 
339	5	0.00001 0.00217 0.05310 0.12752 0.28080 0.29874 0.21372 0.02393 
340	5	0.00017 0.00120 0.03002 0.32850 0.44072 0.11336 0.06981 0.01622 
341	5	0.00001 0.00206 0.07285 0.29463 0.37451 0.13092 0.10946 0.01556 
342	5	0.00000 0.00238 0.04891 0.29965 0.39588 0.18155 0.05595 0.01566 
343	5	0.00014 0.00312 0.03254 0.27387 0.42686 0.18561 0.05784 0.02001 
344	5	0.00002 0.00757 0.07276 0.11491 0.18371 0.36862 0.10838 0.14401 
345	5	0.00052 0.01175 0.07028 0.07137 0.11086 0.22319 0.26922 0.24281 
346	5	0.00265 0.04645 0.21328 0.15590 0.10637 0.13274 0.10845 0.23415 
347	5	0.00005 0.00828 0.12035 0.20727 0.21682 0.20029 0.22286 0.02409 
348	5	0.00060 0.06910 0.24327 0.25295 0.15385 0.12917 0.10641 0.04465 
349	5	0.00010 0.00520 0.06980 0.23218 0.30910 0.08803 0.26028 0.03530 
