350	5	8
0	1	0.00012 0.00401 0.02168 0.03653 0.16823 0.23205 0.50725 0.03012 
1	1	0.00022 0.00429 0.01857 0.01863 0.03164 0.05604 0.70672 0.16388 
2	1	0.00060 0.00795 0.03723 0.05533 0.09673 0.30047 0.44002 0.06167 
3	1	0.00003 0.01298 0.07782 0.07258 0.08962 0.32889 0.34078 0.07729 
4	1	0.00027 0.00936 0.15567 0.07918 0.07684 0.16583 0.47471 0.03813 
5	1	0.00015 0.00442 0.04390 0.05452 0.07709 0.10377 0.57135 0.14480 
6	1	0.00010 0.00522 0.05083 0.05404 0.06960 0.10517 0.50035 0.21469 
7	1	0.00020 0.01213 0.07368 0.09492 0.08918 0.11444 0.56809 0.04734 
8	1	0.00033 0.01186 0.04597 0.11318 0.34633 0.23080 0.24061 0.01092 
9	1	0.00015 0.00836 0.06569 0.07385 0.10870 0.14751 0.53306 0.06267 
10	1	0.00015 0.00679 0.01688 0.05660 0.13844 0.25371 0.42601 0.10141 
11	1	0.00040 0.01427 0.06159 0.07010 0.10591 0.27713 0.42140 0.04920 
12	1	0.00029 0.00677 0.04707 0.05959 0.09437 0.23779 0.47489 0.07923 
13	1	0.00010 0.00684 0.02044 0.02694 0.15885 0.38831 0.25674 0.14178 
14	1	0.00749 0.04152 0.09681 0.27390 0.32358 0.20554 0.03836 0.01279 
15	1	0.00046 0.01466 0.06682 0.09667 0.12654 0.05043 0.36935 0.27506 
16	1	0.00032 0.00438 0.01725 0.08160 0.19293 0.02311 0.52662 0.15378 
17	1	0.00165 0.02712 0.06693 0.07487 0.12197 0.02503 0.34093 0.34150 
18	1	0.00382 0.03200 0.06452 0.08193 0.18279 0.02989 0.30697 0.29808 
19	1	0.00045 0.00522 0.02460 0.08348 0.18449 0.14502 0.38332 0.17342 
20	1	0.00117 0.01393 0.06230 0.15513 0.23225 0.13524 0.14031 0.25966 
21	1	0.00230 0.05917 0.08810 0.10478 0.13563 0.19817 0.38886 0.02300 
22	1	0.00005 0.00185 0.01570 0.04219 0.10025 0.12183 0.52707 0.19105 
23	1	0.00045 0.00873 0.02827 0.08542 0.11168 0.13790 0.44626 0.18128 
24	1	0.00059 0.01253 0.02804 0.09678 0.06220 0.37307 0.40350 0.02329 
25	1	0.01345 0.03786 0.04753 0.05627 0.07592 0.26482 0.34656 0.15760 
26	1	0.00005 0.00492 0.02157 0.05786 0.15378 0.28158 0.45223 0.02799 
27	1	0.00516 0.02699 0.06440 0.07350 0.14502 0.32165 0.25810 0.10517 
28	1	0.00022 0.00317 0.01636 0.03261 0.07308 0.14962 0.70901 0.01593 
29	1	0.00017 0.00236 0.01238 0.02915 0.09018 0.18649 0.67185 0.00741 
30	1	0.00006 0.00101 0.01500 0.03663 0.05560 0.14555 0.31712 0.42901 
31	1	0.00002 0.00097 0.01178 0.02852 0.04257 0.13417 0.27631 0.50566 
32	1	0.00022 0.00378 0.02917 0.05976 0.10849 0.05006 0.63085 0.11767 
33	1	0.00008 0.01870 0.09454 0.18997 0.22180 0.15100 0.27234 0.05157 
34	1	0.00017 0.00586 0.04737 0.10903 0.12225 0.23220 0.46016 0.02295 
35	1	0.00089 0.01067 0.01744 0.03477 0.10590 0.28780 0.35588 0.18667 
36	1	0.00069 0.00759 0.01691 0.02927 0.07118 0.29357 0.32907 0.25173 
37	1	0.01295 0.14388 0.06994 0.14410 0.12870 0.07747 0.39352 0.02945 
38	1	0.00059 0.01450 0.04687 0.06713 0.11485 0.23253 0.50094 0.02257 
39	1	0.00108 0.03126 0.09561 0.13791 0.22349 0.25323 0.25059 0.00682 
40	1	0.00006 0.00500 0.02982 0.06067 0.18032 0.27604 0.42169 0.02639 
41	1	0.00021 0.00413 0.01991 0.07470 0.20480 0.19622 0.47315 0.02688 
42	1	0.00027 0.00252 0.02234 0.08897 0.13152 0.33139 0.40336 0.01964 
43	1	0.00057 0.00932 0.03023 0.02575 0.04386 0.12518 0.61748 0.14761 
44	1	0.00015 0.00343 0.00898 0.01067 0.02017 0.17843 0.69441 0.08375 
45	1	0.00032 0.01447 0.21912 0.10370 0.07521 0.14764 0.37763 0.06191 
46	1	0.00018 0.00602 0.03460 0.05171 0.08004 0.28552 0.52123 0.02069 
47	1	0.00005 0.00181 0.01865 0.03273 0.06447 0.37628 0.46165 0.04436 
48	1	0.00367 0.02296 0.06238 0.07084 0.11754 0.33998 0.25372 0.12892 
49	1	0.00009 0.00221 0.01251 0.02369 0.07812 0.38836 0.43824 0.05678 
50	1	0.00006 0.00205 0.01186 0.02543 0.05117 0.40520 0.45688 0.04735 
51	1	0.00035 0.00741 0.03246 0.04154 0.06928 0.08745 0.46562 0.29588 
52	1	0.00023 0.00622 0.03424 0.03762 0.05135 0.09625 0.63728 0.13680 
53	1	0.00220 0.01666 0.02468 0.03730 0.04951 0.20233 0.57729 0.09002 
54	1	0.00115 0.00750 0.02207 0.02769 0.02982 0.06431 0.77676 0.07070 
55	1	0.00036 0.02768 0.02610 0.00781 0.00902 0.29263 0.61755 0.01885 
56	1	0.00037 0.02977 0.02359 0.00734 0.00801 0.01165 0.85102 0.06826 
57	1	0.00217 0.01388 0.04292 0.23416 0.03152 0.04487 0.60971 0.02077 
58	1	0.00245 0.02269 0.05237 0.19988 0.11188 0.01666 0.52246 0.07161 
59	1	0.01248 0.03795 0.05309 0.06942 0.15302 0.29409 0.32565 0.05430 
60	1	0.00200 0.02590 0.07190 0.12149 0.21937 0.02482 0.46628 0.06823 
61	1	0.00288 0.02373 0.04726 0.18344 0.12651 0.01705 0.51028 0.08886 
62	1	0.00008 0.00093 0.00834 0.08172 0.33844 0.29061 0.24976 0.03011 
63	1	0.00044 0.00248 0.01125 0.11046 0.23481 0.28747 0.31280 0.04028 
64	1	0.00032 0.02178 0.28756 0.28253 0.03357 0.02997 0.33873 0.00552 
65	1	0.00275 0.10852 0.36003 0.04208 0.01796 0.03951 0.41984 0.00930 
66	1	0.00217 0.10477 0.23004 0.02417 0.01859 0.36437 0.25139 0.00450 
67	1	0.00024 0.03165 0.19030 0.25422 0.08228 0.03107 0.24969 0.16056 
68	1	0.00007 0.00216 0.04347 0.07868 0.09587 0.34347 0.35146 0.08480 
69	1	0.00009 0.00335 0.03491 0.05830 0.07565 0.30254 0.44250 0.08267 
70	2	0.00721 0.09030 0.12224 0.16584 0.35887 0.13089 0.11235 0.01230 
71	2	0.00965 0.13177 0.13602 0.08933 0.36216 0.14298 0.11134 0.01675 
72	2	0.00703 0.10321 0.12947 0.15799 0.32441 0.12788 0.14185 0.00815 
73	2	0.01456 0.12187 0.12499 0.31189 0.16950 0.13030 0.11627 0.01062 
74	2	0.01650 0.14501 0.10953 0.16303 0.28415 0.10383 0.17238 0.00556 
75	2	0.00002 0.00404 0.01537 0.11788 0.56271 0.28215 0.01331 0.00452 
76	2	0.00002 0.00070 0.01079 0.05979 0.30650 0.48082 0.12658 0.01480 
77	2	0.00011 0.00050 0.00507 0.04344 0.39630 0.45536 0.09320 0.00602 
78	2	0.00175 0.04560 0.08790 0.10565 0.06987 0.56802 0.09523 0.02598 
79	2	0.00037 0.04045 0.08959 0.08287 0.12671 0.57807 0.07012 0.01181 
80	2	0.00079 0.01954 0.11220 0.16282 0.13742 0.51841 0.04080 0.00803 
81	2	0.00006 0.00553 0.02140 0.03258 0.05823 0.27662 0.52321 0.08236 
82	2	0.00658 0.01500 0.07323 0.14939 0.44108 0.14508 0.10225 0.06740 
83	2	0.00015 0.00608 0.07713 0.17280 0.37086 0.10985 0.20110 0.06201 
84	2	0.00001 0.00019 0.01241 0.22536 0.62340 0.04069 0.06762 0.03032 
85	2	0.00192 0.02928 0.20542 0.43882 0.13370 0.07177 0.08658 0.03252 
86	2	0.00694 0.02230 0.05297 0.11837 0.46521 0.15398 0.15471 0.02552 
87	2	0.00053 0.00742 0.08519 0.17969 0.39685 0.14135 0.17049 0.01848 
88	2	0.00053 0.00671 0.08943 0.19078 0.43023 0.13707 0.13257 0.01267 
89	2	0.00020 0.05062 0.23413 0.07083 0.15793 0.44470 0.03459 0.00698 
90	2	0.00002 0.00596 0.05684 0.12360 0.23440 0.51245 0.05528 0.01145 
91	2	0.00002 0.00105 0.00316 0.01232 0.03457 0.90152 0.04230 0.00506 
92	2	0.00004 0.00766 0.08397 0.09597 0.39502 0.26851 0.14567 0.00315 
93	2	0.00001 0.00082 0.04941 0.29319 0.26391 0.33887 0.05292 0.00087 
94	2	0.00005 0.01666 0.18447 0.18784 0.28142 0.25325 0.07570 0.00060 
95	2	0.00001 0.00147 0.06957 0.22840 0.24111 0.42685 0.03189 0.00070 
96	2	0.00005 0.00255 0.15383 0.14137 0.22999 0.30054 0.17098 0.00069 
97	2	0.00005 0.00182 0.10581 0.25671 0.36193 0.20512 0.06697 0.00160 
98	2	0.00001 0.00088 0.11575 0.14699 0.26711 0.33915 0.12905 0.00105 
99	2	0.00002 0.00123 0.00241 0.36699 0.15062 0.35259 0.12365 0.00249 
100	2	0.00027 0.00178 0.22048 0.04625 0.32412 0.30637 0.10032 0.00041 
101	2	0.00007 0.00150 0.00649 0.23624 0.13707 0.42007 0.19399 0.00458 
102	2	0.00018 0.01037 0.05759 0.11536 0.37590 0.38379 0.05040 0.00640 
103	2	0.00047 0.01871 0.11129 0.29561 0.26407 0.27406 0.03575 0.00004 
104	2	0.00011 0.03593 0.14333 0.31297 0.31041 0.19316 0.00406 0.00003 
105	2	0.00312 0.26001 0.14308 0.22184 0.17631 0.12653 0.06758 0.00152 
106	2	0.00000 0.00549 0.12590 0.31816 0.28900 0.20560 0.05379 0.00205 
107	2	0.00003 0.00851 0.11387 0.21266 0.26749 0.37519 0.02222 0.00002 
108	2	0.00003 0.13089 0.14485 0.12636 0.30845 0.19693 0.09103 0.00147 
109	2	0.00001 0.07614 0.26572 0.09978 0.18237 0.26033 0.11312 0.00252 
110	2	0.00003 0.00137 0.00437 0.16682 0.23692 0.37403 0.21501 0.00145 
111	2	0.00087 0.01725 0.02615 0.16536 0.28444 0.40001 0.10085 0.00507 
112	2	0.00005 0.00357 0.05804 0.10282 0.42654 0.27885 0.12710 0.00302 
113	2	0.00007 0.00739 0.03490 0.10332 0.63016 0.17599 0.04236 0.00581 
114	2	0.00013 0.01116 0.07511 0.20794 0.22666 0.41295 0.05697 0.00907 
115	2	0.00025 0.01093 0.11198 0.28519 0.21504 0.33071 0.04113 0.00477 
116	2	0.00687 0.03407 0.06542 0.23656 0.28654 0.31951 0.04645 0.00458 
117	2	0.00450 0.05432 0.10927 0.06472 0.29181 0.34195 0.12160 0.01182 
118	2	0.00009 0.00039 0.00134 0.03802 0.30498 0.40000 0.25311 0.00206 
119	2	0.00001 0.00351 0.08513 0.14647 0.10172 0.48869 0.16762 0.00685 
120	2	0.00002 0.00316 0.06439 0.08745 0.10804 0.65448 0.08114 0.00133 
121	2	0.00003 0.00787 0.05132 0.06233 0.18114 0.62587 0.06868 0.00275 
122	2	0.00005 0.01382 0.04218 0.18643 0.33142 0.09356 0.32302 0.00952 
123	2	0.00014 0.00294 0.01005 0.03097 0.31100 0.62082 0.02149 0.00259 
124	2	0.00005 0.00237 0.04737 0.32292 0.23638 0.17233 0.20904 0.00953 
125	2	0.00039 0.04725 0.10435 0.41693 0.19093 0.10895 0.12414 0.00706 
126	2	0.00008 0.00292 0.04204 0.18010 0.21727 0.43492 0.11238 0.01028 
127	2	0.00010 0.00875 0.08200 0.18609 0.29637 0.37448 0.04736 0.00485 
128	2	0.00007 0.00060 0.01444 0.14226 0.06553 0.47209 0.30273 0.00227 
129	2	0.00008 0.00137 0.02247 0.19223 0.07387 0.41527 0.29092 0.00379 
130	2	0.00002 0.00147 0.04760 0.10975 0.05896 0.63676 0.14360 0.00185 
131	2	0.00008 0.00523 0.04512 0.12785 0.19263 0.49678 0.12258 0.00972 
132	2	0.00037 0.00273 0.03491 0.14304 0.19403 0.19325 0.40737 0.02429 
133	2	0.00004 0.00703 0.08055 0.19014 0.24545 0.39190 0.07592 0.00896 
134	2	0.00007 0.01690 0.11429 0.08502 0.11898 0.61321 0.04907 0.00245 
135	2	0.00064 0.01234 0.06988 0.19637 0.47440 0.16082 0.07510 0.01045 
136	2	0.00100 0.02219 0.09170 0.20276 0.36366 0.18318 0.09484 0.04067 
137	2	0.00010 0.00831 0.13251 0.17146 0.10033 0.55975 0.02462 0.00292 
138	2	0.01384 0.12218 0.07892 0.22966 0.20067 0.23987 0.11106 0.00379 
139	2	0.01080 0.12050 0.07627 0.22427 0.28144 0.18571 0.09372 0.00727 
140	3	0.00068 0.07633 0.31975 0.22186 0.12330 0.14873 0.09617 0.01318 
141	3	0.00094 0.04267 0.16357 0.19472 0.22406 0.18498 0.13939 0.04967 
142	3	0.00049 0.15409 0.36989 0.13190 0.12332 0.11804 0.08950 0.01277 
143	3	0.00369 0.11957 0.21290 0.22707 0.19344 0.15124 0.08567 0.00642 
144	3	0.00716 0.11198 0.23682 0.15873 0.18378 0.19190 0.10574 0.00389 
145	3	0.00075 0.01545 0.08727 0.18685 0.32124 0.30650 0.07847 0.00347 
146	3	0.00138 0.03632 0.13078 0.17641 0.25272 0.24258 0.15031 0.00949 
147	3	0.00343 0.08188 0.23254 0.21521 0.17779 0.15220 0.11171 0.02525 
148	3	0.00217 0.06465 0.16675 0.15138 0.19765 0.20753 0.15670 0.05317 
149	3	0.00044 0.01953 0.06252 0.14640 0.18814 0.13944 0.23435 0.20917 
150	3	0.01024 0.04617 0.07627 0.11437 0.12762 0.13478 0.33810 0.15244 
151	3	0.00886 0.03689 0.06792 0.11502 0.13512 0.13796 0.31176 0.18646 
152	3	0.00104 0.00929 0.05073 0.22135 0.18558 0.13553 0.20320 0.19327 
153	3	0.00200 0.09617 0.26517 0.14944 0.18139 0.16097 0.10801 0.03685 
154	3	0.00189 0.04782 0.17193 0.23333 0.20884 0.17033 0.12250 0.04335 
155	3	0.04054 0.15928 0.14804 0.18518 0.24321 0.18399 0.03730 0.00245 
156	3	0.00030 0.11567 0.28464 0.19507 0.17618 0.15622 0.06695 0.00497 
157	3	0.02829 0.22915 0.15746 0.05409 0.19715 0.24596 0.08344 0.00446 
158	3	0.00067 0.00549 0.13581 0.19912 0.40632 0.22738 0.02485 0.00037 
159	3	0.00362 0.00925 0.32042 0.17609 0.34987 0.11010 0.02922 0.00143 
160	3	0.03257 0.05800 0.02761 0.36625 0.42770 0.07382 0.01305 0.00101 
161	3	0.00578 0.01950 0.74599 0.12519 0.05470 0.03671 0.01141 0.00072 
162	3	0.04000 0.06036 0.11809 0.40730 0.35022 0.02320 0.00078 0.00005 
163	3	0.00353 0.00430 0.40440 0.17952 0.26460 0.12169 0.02035 0.00161 
164	3	0.03715 0.33202 0.12451 0.18057 0.22831 0.07730 0.01853 0.00160 
165	3	0.00018 0.03441 0.35937 0.19861 0.18768 0.08950 0.12017 0.01006 
166	3	0.00019 0.00870 0.43165 0.34319 0.06278 0.10607 0.04709 0.00033 
167	3	0.00149 0.08589 0.48291 0.21785 0.05762 0.07534 0.07834 0.00055 
168	3	0.00004 0.00795 0.47196 0.18017 0.07153 0.18143 0.08647 0.00044 
169	3	0.00024 0.04306 0.44633 0.27747 0.09867 0.09820 0.03543 0.00060 
170	3	0.00005 0.00285 0.13475 0.37768 0.26345 0.12418 0.08881 0.00822 
171	3	0.00365 0.06291 0.14657 0.14622 0.14211 0.39323 0.09221 0.01309 
172	3	0.00197 0.04255 0.15949 0.15645 0.15360 0.42841 0.04263 0.01488 
173	3	0.00620 0.02081 0.08371 0.35842 0.36518 0.14024 0.02480 0.00063 
174	3	0.00376 0.02358 0.43995 0.14633 0.15686 0.09948 0.10421 0.02583 
175	3	0.00030 0.00504 0.29977 0.15265 0.27315 0.15459 0.09469 0.01980 
176	3	0.00132 0.02075 0.35130 0.15235 0.22541 0.13012 0.09956 0.01918 
177	3	0.00037 0.00412 0.23111 0.32520 0.19060 0.10976 0.09921 0.03963 
178	3	0.01031 0.27516 0.33982 0.14566 0.11300 0.10120 0.01270 0.00215 
179	3	0.01181 0.22332 0.31923 0.13687 0.14186 0.14729 0.01798 0.00163 
180	3	0.01160 0.20008 0.30166 0.15230 0.20614 0.11857 0.00841 0.00124 
181	3	0.01747 0.27208 0.25000 0.18619 0.22215 0.04633 0.00470 0.00109 
182	3	0.00368 0.11253 0.15829 0.17523 0.22032 0.15429 0.12990 0.04575 
183	3	0.00839 0.27678 0.27853 0.17776 0.17604 0.06557 0.01292 0.00401 
184	3	0.00048 0.02050 0.16935 0.22830 0.26322 0.24442 0.07158 0.00214 
185	3	0.00001 0.00222 0.06046 0.19357 0.29343 0.31293 0.12936 0.00802 
186	3	0.00060 0.05511 0.29201 0.23097 0.20162 0.11297 0.08082 0.02589 
187	3	0.00049 0.05285 0.29566 0.26209 0.19863 0.09665 0.07257 0.02106 
188	3	0.00118 0.07443 0.23721 0.19829 0.17287 0.12375 0.11097 0.08130 
189	3	0.00070 0.04124 0.26721 0.23800 0.17963 0.21372 0.05066 0.00883 
190	3	0.00081 0.09235 0.33697 0.24346 0.11340 0.08204 0.06850 0.06248 
191	3	0.00037 0.04727 0.15866 0.20152 0.20822 0.14673 0.10730 0.12992 
192	3	0.00014 0.04721 0.17873 0.23665 0.21573 0.10938 0.09604 0.11611 
193	3	0.00707 0.07734 0.16090 0.18942 0.20422 0.18990 0.12057 0.05058 
194	3	0.00085 0.06593 0.46909 0.24703 0.08782 0.04637 0.03595 0.04696 
195	3	0.00217 0.19735 0.39754 0.14066 0.07338 0.05206 0.02924 0.10760 
196	3	0.00053 0.08476 0.40084 0.13525 0.07599 0.07202 0.04504 0.18558 
197	3	0.00040 0.03893 0.45774 0.26656 0.19689 0.03358 0.00531 0.00058 
198	3	0.00214 0.08685 0.36747 0.31840 0.18791 0.03134 0.00541 0.00048 
199	3	0.00724 0.35340 0.24907 0.09133 0.21154 0.06593 0.01853 0.00296 
200	3	0.00318 0.14228 0.21489 0.17227 0.28560 0.11025 0.05649 0.01504 
201	3	0.00862 0.16810 0.17453 0.29825 0.25386 0.07125 0.01749 0.00789 
202	3	0.00271 0.13835 0.33025 0.22659 0.23969 0.05002 0.01100 0.00139 
203	3	0.00248 0.15285 0.31348 0.23773 0.20632 0.06433 0.01976 0.00304 
204	3	0.00179 0.01817 0.12601 0.34828 0.33773 0.13627 0.02890 0.00283 
205	3	0.01705 0.43790 0.35890 0.05715 0.04512 0.03650 0.03356 0.01382 
206	3	0.00834 0.46417 0.31278 0.07813 0.04933 0.03992 0.03550 0.01182 
207	3	0.01195 0.29922 0.34536 0.10663 0.11930 0.08610 0.02587 0.00557 
208	3	0.00193 0.02927 0.05283 0.09859 0.19923 0.35650 0.26062 0.00102 
209	3	0.00060 0.03740 0.10780 0.18751 0.21187 0.26420 0.18863 0.00198 
210	4	0.00151 0.01591 0.09052 0.13284 0.06310 0.29106 0.35964 0.04542 
211	4	0.00142 0.01234 0.03145 0.04680 0.17496 0.28858 0.41169 0.03275 
212	4	0.00029 0.00538 0.01695 0.05835 0.23354 0.21810 0.43319 0.03420 
213	4	0.00991 0.01440 0.01493 0.09716 0.31636 0.21270 0.17240 0.16212 
214	4	0.00165 0.01191 0.03295 0.09028 0.16120 0.26021 0.38597 0.05583 
215	4	0.00107 0.01011 0.03607 0.10199 0.16660 0.21006 0.41311 0.06098 
216	4	0.00117 0.00842 0.02378 0.05156 0.13775 0.29652 0.43899 0.04180 
217	4	0.00057 0.00242 0.00510 0.00973 0.02263 0.35965 0.51904 0.08087 
218	4	0.00008 0.00303 0.01813 0.06319 0.36653 0.42503 0.10797 0.01604 
219	4	0.00021 0.00501 0.01834 0.06737 0.21857 0.48304 0.16697 0.04047 
220	4	0.00115 0.01624 0.03466 0.01707 0.10472 0.41107 0.31086 0.10422 
221	4	0.00009 0.00085 0.01045 0.09561 0.28448 0.17085 0.38056 0.05710 
222	4	0.00135 0.01225 0.03610 0.10959 0.29525 0.22262 0.27159 0.05125 
223	4	0.00120 0.05006 0.02161 0.06632 0.13060 0.22469 0.40120 0.10433 
224	4	0.00138 0.00532 0.01340 0.05282 0.20945 0.32817 0.28780 0.10167 
225	4	0.00151 0.02798 0.02627 0.05950 0.34274 0.29430 0.17040 0.07730 
226	4	0.00168 0.00745 0.02492 0.06712 0.18732 0.17697 0.49460 0.03994 
227	4	0.00071 0.00930 0.03151 0.10503 0.15107 0.22782 0.34579 0.12877 
228	4	0.00157 0.01110 0.08141 0.14655 0.20003 0.13307 0.26384 0.16243 
229	4	0.00203 0.01217 0.06227 0.13470 0.20996 0.27299 0.18941 0.11647 
230	4	0.00205 0.01695 0.07115 0.09464 0.13620 0.34564 0.30520 0.02817 
231	4	0.00266 0.01036 0.03132 0.08729 0.07872 0.28877 0.33717 0.16370 
232	4	0.00143 0.00535 0.01649 0.06952 0.22435 0.27295 0.24953 0.16038 
233	4	0.00197 0.00692 0.03702 0.10465 0.16694 0.34680 0.15547 0.18023 
234	4	0.00085 0.00862 0.03851 0.20215 0.22228 0.28621 0.20571 0.03566 
235	4	0.00188 0.01420 0.08026 0.14277 0.12640 0.40428 0.21952 0.01069 
236	4	0.00161 0.00749 0.03708 0.06712 0.19430 0.24889 0.41137 0.03214 
237	4	0.00161 0.00778 0.02757 0.05805 0.16223 0.34553 0.37247 0.02474 
238	4	0.00003 0.00472 0.59980 0.08414 0.08683 0.05870 0.13047 0.03532 
239	4	0.19364 0.20622 0.04582 0.12721 0.40381 0.01779 0.00507 0.00042 
240	4	0.00000 0.13452 0.21356 0.21516 0.41302 0.01648 0.00717 0.00008 
241	4	0.00012 0.02164 0.07835 0.16217 0.33252 0.21637 0.17198 0.01683 
242	4	0.00012 0.00735 0.04570 0.20927 0.35308 0.18235 0.17918 0.02295 
243	4	0.00007 0.00141 0.15483 0.24360 0.14434 0.20743 0.23501 0.01331 
244	4	0.00009 0.00064 0.21007 0.22249 0.20835 0.20259 0.14927 0.00651 
245	4	0.00018 0.01760 0.12377 0.28185 0.23084 0.16265 0.15923 0.02387 
246	4	0.00007 0.02376 0.14249 0.31117 0.23581 0.12037 0.15561 0.01071 
247	4	0.00007 0.00908 0.05490 0.21171 0.47026 0.13649 0.10764 0.00984 
248	4	0.00008 0.00245 0.04484 0.27075 0.22545 0.08357 0.34819 0.02467 
249	4	0.00029 0.01183 0.47412 0.08170 0.26586 0.10437 0.05787 0.00395 
250	4	0.00047 0.01259 0.21097 0.15049 0.06014 0.14300 0.37117 0.05118 
251	4	0.00001 0.00144 0.11477 0.13371 0.14417 0.47907 0.12226 0.00457 
252	4	0.00005 0.04930 0.09834 0.00326 0.36003 0.19645 0.28663 0.00594 
253	4	0.00002 0.00154 0.41522 0.05852 0.21770 0.21595 0.09057 0.00048 
254	4	0.00003 0.01849 0.03227 0.00554 0.42578 0.21424 0.29273 0.01092 
255	4	0.00001 0.00059 0.14764 0.00532 0.38985 0.15970 0.28876 0.00814 
256	4	0.00003 0.00092 0.43028 0.06326 0.17625 0.21450 0.11361 0.00115 
257	4	0.00006 0.05749 0.18005 0.11395 0.15158 0.32865 0.14920 0.01902 
258	4	0.00005 0.00520 0.06672 0.11844 0.25589 0.44425 0.10367 0.00578 
259	4	0.00003 0.00518 0.07972 0.10919 0.14292 0.52347 0.12167 0.01781 
260	4	0.00008 0.00322 0.05182 0.08767 0.14790 0.55937 0.12359 0.02636 
261	4	0.00009 0.07575 0.17710 0.08287 0.09767 0.45248 0.08092 0.03312 
262	4	0.00019 0.03405 0.08934 0.10300 0.20030 0.49178 0.07180 0.00953 
263	4	0.00044 0.02665 0.11840 0.19773 0.14587 0.46919 0.03634 0.00537 
264	4	0.00012 0.00938 0.02242 0.00257 0.50533 0.21024 0.23646 0.01347 
265	4	0.00002 0.00113 0.47342 0.05650 0.19072 0.18545 0.09206 0.00071 
266	4	0.00001 0.00032 0.18451 0.31554 0.17111 0.22457 0.10311 0.00082 
267	4	0.00007 0.00140 0.43079 0.04995 0.21958 0.17468 0.12106 0.00246 
268	4	0.00001 0.00092 0.14510 0.22585 0.15474 0.30773 0.14880 0.01684 
269	4	0.00003 0.00246 0.24429 0.17878 0.18601 0.26008 0.11797 0.01038 
270	4	0.00006 0.01675 0.11191 0.18849 0.26879 0.18120 0.20855 0.02425 
271	4	0.00060 0.03627 0.09693 0.18601 0.28297 0.16460 0.20798 0.02463 
272	4	0.00031 0.02614 0.08958 0.24211 0.33170 0.15391 0.15030 0.00595 
273	4	0.00001 0.01037 0.10270 0.21166 0.29035 0.17851 0.18882 0.01757 
274	4	0.00003 0.21269 0.28992 0.08180 0.13388 0.18980 0.06982 0.02207 
275	4	0.00011 0.00331 0.13722 0.06377 0.11119 0.48538 0.17114 0.02787 
276	4	0.00012 0.00539 0.02443 0.03376 0.03477 0.11549 0.78485 0.00119 
277	4	0.00006 0.00066 0.10796 0.03975 0.16718 0.46836 0.20980 0.00623 
278	4	0.00005 0.00103 0.14593 0.05983 0.31382 0.27067 0.20572 0.00293 
279	4	0.00018 0.01074 0.36705 0.01823 0.28115 0.24377 0.07593 0.00294 
280	5	0.00005 0.00339 0.05930 0.13737 0.11015 0.25573 0.37590 0.05809 
281	5	0.00207 0.06454 0.27783 0.21068 0.15680 0.15414 0.09823 0.03570 
282	5	0.00021 0.00947 0.07024 0.23020 0.20339 0.18288 0.21452 0.08909 
283	5	0.00007 0.01903 0.02524 0.07305 0.16604 0.29193 0.39500 0.02965 
284	5	0.00011 0.02473 0.05990 0.08801 0.14425 0.24661 0.37336 0.06303 
285	5	0.00041 0.02360 0.03887 0.05278 0.05247 0.34091 0.33728 0.15366 
286	5	0.00126 0.05791 0.25767 0.18269 0.06729 0.04595 0.22835 0.15888 
287	5	0.00015 0.01172 0.05990 0.19818 0.24956 0.26625 0.16777 0.04647 
288	5	0.00047 0.00387 0.02207 0.07500 0.20977 0.40301 0.24804 0.03776 
289	5	0.00040 0.00469 0.02067 0.01321 0.08490 0.26441 0.50967 0.10204 
290	5	0.00050 0.00614 0.02075 0.01342 0.11180 0.28188 0.50678 0.05874 
291	5	0.00010 0.00520 0.05870 0.22993 0.27167 0.24847 0.16546 0.02047 
292	5	0.00005 0.00422 0.02906 0.07095 0.11592 0.18293 0.42662 0.17025 
293	5	0.00075 0.01246 0.08125 0.31993 0.23809 0.19330 0.13410 0.02012 
294	5	0.00074 0.03728 0.15236 0.20342 0.23042 0.22176 0.13927 0.01474 
295	5	0.00090 0.01740 0.11419 0.26442 0.28027 0.18641 0.12375 0.01265 
296	5	0.00008 0.00122 0.01215 0.04369 0.14275 0.48043 0.25421 0.06547 
297	5	0.00040 0.01525 0.03270 0.06174 0.17280 0.39522 0.29995 0.02195 
298	5	0.00041 0.02279 0.07771 0.22426 0.25187 0.21942 0.17595 0.02758 
299	5	0.00000 0.00666 0.03142 0.08392 0.12813 0.34410 0.39506 0.01070 
300	5	0.00002 0.00290 0.05245 0.13120 0.18030 0.29710 0.31314 0.02289 
301	5	0.00014 0.00637 0.03739 0.19792 0.24982 0.16317 0.20964 0.13555 
302	5	0.00053 0.00819 0.03362 0.05457 0.19465 0.30804 0.32941 0.07098 
303	5	0.00016 0.00173 0.01065 0.08495 0.31320 0.25809 0.25642 0.07479 
304	5	0.00150 0.01062 0.04317 0.07611 0.27537 0.23963 0.24321 0.11039 
305	5	0.00007 0.00195 0.02835 0.19042 0.49503 0.14473 0.10671 0.03272 
306	5	0.00001 0.00247 0.17924 0.22927 0.20588 0.16594 0.16019 0.05700 
307	5	0.00015 0.00246 0.04445 0.13775 0.26512 0.35292 0.13940 0.05775 
308	5	0.00001 0.00189 0.16848 0.24127 0.25170 0.22535 0.08869 0.02261 
309	5	0.00056 0.01116 0.15906 0.30537 0.28520 0.14468 0.07427 0.01970 
310	5	0.00004 0.00224 0.07733 0.18403 0.22385 0.28469 0.20120 0.02662 
311	5	0.00001 0.00064 0.02508 0.15514 0.24535 0.33019 0.21003 0.03355 
312	5	0.00002 0.00046 0.03345 0.15175 0.27841 0.35673 0.12082 0.05837 
313	5	0.00006 0.00348 0.06114 0.14698 0.23425 0.23068 0.22567 0.09773 
314	5	0.00010 0.00222 0.00904 0.04717 0.19327 0.66457 0.05197 0.03167 
315	5	0.00001 0.00066 0.02730 0.14480 0.31915 0.32243 0.13150 0.05415 
316	5	0.00029 0.00202 0.01427 0.07385 0.30355 0.42580 0.13067 0.04954 
317	5	0.00008 0.02357 0.21612 0.29659 0.18599 0.08171 0.12719 0.06874 
318	5	0.00015 0.00154 0.01335 0.05971 0.20305 0.41606 0.25265 0.05350 
319	5	0.00008 0.00560 0.13317 0.25192 0.19533 0.18317 0.18286 0.04787 
320	5	0.00003 0.00221 0.08044 0.30850 0.25456 0.17686 0.12405 0.05335 
321	5	0.00033 0.00328 0.01467 0.10163 0.58475 0.26457 0.02929 0.00147 
322	5	0.00005 0.00148 0.01087 0.08099 0.29342 0.54788 0.06411 0.00119 
323	5	0.00024 0.02694 0.19423 0.42139 0.19373 0.07228 0.05866 0.03253 
324	5	0.00015 0.02197 0.14400 0.38655 0.25366 0.07654 0.10767 0.00946 
325	5	0.00154 0.01152 0.11585 0.31997 0.26148 0.09410 0.10512 0.09041 
326	5	0.00009 0.01265 0.17532 0.41072 0.22412 0.10086 0.05010 0.02613 
327	5	0.00018 0.03554 0.22474 0.23775 0.10067 0.09652 0.21815 0.08644 
328	5	0.00000 0.00682 0.20815 0.24375 0.11150 0.07930 0.10217 0.24830 
329	5	0.00019 0.00254 0.02345 0.22682 0.40546 0.18780 0.10253 0.05121 
330	5	0.00007 0.00299 0.04186 0.06716 0.11795 0.19839 0.38717 0.18442 
331	5	0.00001 0.00150 0.00733 0.03005 0.04867 0.10538 0.50030 0.30676 
332	5	0.00003 0.00072 0.00672 0.03566 0.07321 0.19342 0.56050 0.12974 
333	5	0.00013 0.00293 0.02951 0.13945 0.33692 0.22700 0.20710 0.05695 
334	5	0.00017 0.01565 0.09227 0.13257 0.20382 0.16318 0.27981 0.11252 
335	5	0.00018 0.00419 0.03301 0.10416 0.24408 0.19291 0.28700 0.13447 
336	5	0.00003 0.00086 0.01831 0.10773 0.23863 0.34377 0.20257 0.08809 
337	5	0.00008 0.00641 0.06590 0.11877 0.24085 0.32820 0.02050 0.21929 
338	5	0.00014 0.00359 0.05735 0.18528 0.31055 0.21177 0.22703 0.00428 
339	5	0.00040 0.00637 0.06626 0.13257 0.29205 0.29393 0.19442 0.01400 
340	5	0.00026 0.00215 0.03100 0.35707 0.41348 0.10952 0.07032 0.01620 
341	5	0.00009 0.00282 0.07580 0.30005 0.36683 0.12958 0.10924 0.01558 
342	5	0.00040 0.00624 0.06264 0.33822 0.36649 0.15704 0.05424 0.01473 
343	5	0.00017 0.00238 0.02132 0.20695 0.47535 0.21222 0.06037 0.02124 
344	5	0.00003 0.00375 0.06691 0.12003 0.18654 0.35898 0.11815 0.14561 
345	5	0.00208 0.01289 0.06865 0.07315 0.11255 0.21950 0.27245 0.23873 
346	5	0.00163 0.03696 0.20327 0.16213 0.11555 0.12904 0.11727 0.23414 
347	5	0.00034 0.01441 0.13235 0.22955 0.19030 0.18564 0.22326 0.02415 
348	5	0.00044 0.04269 0.19636 0.29902 0.16576 0.13487 0.11371 0.04715 
349	5	0.00010 0.00375 0.06070 0.22934 0.31967 0.08677 0.26449 0.03518 
