350	5	16
0	1	0.00004 0.00029 0.00141 0.00387 0.00865 0.01350 0.01717 0.01742 0.05213 0.10817 0.09480 0.09160 0.36748 0.16649 0.05239 0.00460 
1	1	0.00011 0.00031 0.00174 0.00428 0.00989 0.00786 0.00807 0.00946 0.01232 0.01660 0.02212 0.02547 0.09794 0.52966 0.19752 0.05665 
2	1	0.00027 0.00078 0.00266 0.00787 0.01663 0.02165 0.02422 0.02701 0.02895 0.04841 0.15428 0.12866 0.26407 0.17087 0.09083 0.01281 
3	1	0.00000 0.00012 0.00210 0.02290 0.03878 0.03073 0.03305 0.03572 0.03949 0.04417 0.11454 0.18241 0.13723 0.20328 0.09387 0.02160 
4	1	0.00000 0.00051 0.00273 0.01190 0.05700 0.10050 0.04202 0.02983 0.03241 0.03925 0.05955 0.08850 0.08591 0.32000 0.12514 0.00475 
5	1	0.00005 0.00025 0.00152 0.00465 0.01643 0.02891 0.02470 0.02648 0.03266 0.03926 0.04275 0.05117 0.07524 0.36235 0.28655 0.00701 
6	1	0.00002 0.00031 0.00191 0.00617 0.02028 0.03089 0.02435 0.02626 0.03098 0.03405 0.04129 0.04925 0.08778 0.22572 0.40961 0.01112 
7	1	0.00009 0.00053 0.00480 0.01230 0.03258 0.04117 0.04686 0.04262 0.04124 0.04253 0.04765 0.05382 0.13175 0.37072 0.12500 0.00634 
8	1	0.00011 0.00082 0.00472 0.01048 0.01820 0.02994 0.04270 0.06438 0.15379 0.16922 0.11112 0.10244 0.15320 0.11007 0.02425 0.00455 
9	1	0.00006 0.00035 0.00319 0.00963 0.03076 0.03614 0.03177 0.03616 0.04587 0.05272 0.06185 0.06540 0.23037 0.28257 0.07358 0.03957 
10	1	0.00003 0.00039 0.00207 0.00635 0.00651 0.01017 0.01839 0.03651 0.05405 0.07218 0.11594 0.11733 0.17095 0.19726 0.18390 0.00796 
11	1	0.00010 0.00104 0.00551 0.01488 0.03070 0.02920 0.02987 0.03505 0.04627 0.04992 0.05866 0.12649 0.32929 0.17452 0.03886 0.02964 
12	1	0.00015 0.00050 0.00238 0.00760 0.02182 0.02607 0.02491 0.03027 0.03972 0.04505 0.05969 0.11292 0.30800 0.17130 0.12576 0.02382 
13	1	0.00002 0.00024 0.00208 0.00634 0.00918 0.01082 0.01130 0.01434 0.02927 0.11105 0.18538 0.17949 0.14658 0.11330 0.08736 0.09323 
14	1	0.00161 0.01314 0.02153 0.01773 0.01911 0.08333 0.12526 0.13801 0.14854 0.15742 0.12263 0.08746 0.03242 0.01438 0.00810 0.00932 
15	1	0.00011 0.00108 0.00512 0.01554 0.02758 0.03802 0.04465 0.04651 0.04476 0.07188 0.03789 0.01677 0.01686 0.11660 0.51440 0.00222 
16	1	0.00001 0.00079 0.00166 0.00356 0.00658 0.01108 0.01969 0.06019 0.14092 0.05047 0.01125 0.01085 0.06004 0.31680 0.30128 0.00482 
17	1	0.00004 0.00396 0.01052 0.02123 0.03263 0.03400 0.03326 0.03491 0.05784 0.06030 0.01502 0.01119 0.01008 0.03532 0.63889 0.00079 
18	1	0.00080 0.00587 0.01308 0.02267 0.02982 0.03280 0.04012 0.03710 0.07052 0.10877 0.01674 0.01337 0.01239 0.05286 0.54239 0.00069 
19	1	0.00020 0.00060 0.00197 0.00459 0.00841 0.01782 0.03181 0.04835 0.07065 0.09865 0.08250 0.04672 0.21249 0.15933 0.17471 0.04120 
20	1	0.00005 0.00204 0.00491 0.01228 0.02402 0.04077 0.06307 0.08539 0.10974 0.10952 0.08059 0.05519 0.04717 0.04654 0.27005 0.04867 
21	1	0.00007 0.00461 0.02393 0.04673 0.04034 0.04175 0.04513 0.05177 0.06024 0.06312 0.07302 0.07197 0.27447 0.14037 0.06193 0.00055 
22	1	0.00001 0.00012 0.00060 0.00198 0.00634 0.01011 0.01620 0.02654 0.03459 0.05447 0.06911 0.05025 0.08666 0.35188 0.28615 0.00497 
23	1	0.00017 0.00070 0.00323 0.00803 0.01287 0.01495 0.02958 0.05333 0.06474 0.04226 0.02908 0.04575 0.25800 0.15483 0.27556 0.00691 
24	1	0.00019 0.00090 0.00442 0.01057 0.01087 0.01722 0.04166 0.05210 0.03429 0.02529 0.02300 0.29176 0.15932 0.20919 0.11238 0.00684 
25	1	0.01345 0.00715 0.01922 0.01847 0.02050 0.02210 0.02477 0.02945 0.03414 0.03645 0.04916 0.16952 0.14852 0.17399 0.14712 0.08599 
26	1	0.00002 0.00014 0.00125 0.00635 0.00963 0.01169 0.01889 0.03968 0.05768 0.07464 0.11907 0.12495 0.21977 0.17940 0.13651 0.00031 
27	1	0.00036 0.00708 0.01078 0.02243 0.02870 0.03064 0.03336 0.03670 0.04061 0.08821 0.09027 0.20160 0.13785 0.12642 0.09618 0.04880 
28	1	0.00008 0.00030 0.00115 0.00311 0.00623 0.01034 0.01410 0.01703 0.02298 0.03920 0.06972 0.07483 0.37466 0.19069 0.17421 0.00136 
29	1	0.00008 0.00023 0.00087 0.00215 0.00465 0.00865 0.01190 0.01555 0.02371 0.05144 0.10257 0.08135 0.40839 0.17445 0.11350 0.00052 
30	1	0.00002 0.00008 0.00030 0.00131 0.00612 0.01008 0.01590 0.01889 0.02087 0.02620 0.05633 0.07632 0.06396 0.13310 0.56749 0.00302 
31	1	0.00001 0.00003 0.00025 0.00138 0.00447 0.00820 0.01237 0.01457 0.01547 0.02244 0.04650 0.07266 0.05297 0.12228 0.47415 0.15223 
32	1	0.00002 0.00046 0.00152 0.00362 0.01060 0.01945 0.02099 0.03625 0.05803 0.04640 0.02496 0.02160 0.06622 0.47433 0.21505 0.00049 
33	1	0.00001 0.00025 0.00443 0.02179 0.04088 0.05443 0.07868 0.10281 0.11929 0.09182 0.08048 0.06890 0.06294 0.16847 0.10046 0.00435 
34	1	0.00007 0.00021 0.00127 0.00693 0.01645 0.03353 0.04924 0.05472 0.05461 0.06000 0.05982 0.14118 0.23334 0.21615 0.07233 0.00014 
35	1	0.00032 0.00138 0.00453 0.00741 0.00764 0.00910 0.01366 0.01971 0.03103 0.06139 0.11927 0.12832 0.28147 0.08867 0.22370 0.00239 
36	1	0.00005 0.00120 0.00279 0.00617 0.00804 0.00800 0.01126 0.01695 0.02423 0.03920 0.09168 0.16403 0.25058 0.06541 0.30999 0.00042 
37	1	0.00112 0.02187 0.06692 0.08173 0.03106 0.02746 0.03683 0.10387 0.10277 0.02425 0.01643 0.02676 0.20439 0.20647 0.03217 0.01590 
38	1	0.00008 0.00120 0.00500 0.01426 0.02348 0.02176 0.02762 0.03569 0.04594 0.05658 0.08317 0.10795 0.31246 0.19357 0.06932 0.00191 
39	1	0.00037 0.00175 0.01070 0.02923 0.05076 0.04097 0.06086 0.07120 0.10182 0.10110 0.12289 0.11053 0.16830 0.10538 0.02288 0.00124 
40	1	0.00001 0.00015 0.00141 0.00646 0.01473 0.01412 0.02137 0.03731 0.06401 0.10076 0.12967 0.13143 0.19254 0.20245 0.07431 0.00927 
41	1	0.00005 0.00032 0.00139 0.00450 0.00816 0.01179 0.02424 0.04850 0.08252 0.10266 0.11060 0.08746 0.11768 0.29634 0.10350 0.00029 
42	1	0.00003 0.00035 0.00094 0.00260 0.00610 0.01842 0.03788 0.04778 0.05640 0.06272 0.08844 0.19546 0.23361 0.17139 0.07770 0.00019 
43	1	0.00025 0.00082 0.00377 0.00922 0.01610 0.01136 0.01146 0.01288 0.01770 0.02266 0.02998 0.05413 0.22431 0.37742 0.14775 0.06018 
44	1	0.00006 0.00032 0.00125 0.00293 0.00467 0.00390 0.00475 0.00535 0.00721 0.01117 0.01740 0.09159 0.39722 0.29480 0.12172 0.03566 
45	1	0.00013 0.00051 0.00405 0.01905 0.10502 0.11634 0.06001 0.03250 0.03335 0.03405 0.05195 0.08308 0.06845 0.19693 0.19142 0.00316 
46	1	0.00008 0.00028 0.00207 0.00613 0.01493 0.02125 0.02283 0.02494 0.02597 0.03723 0.15672 0.12507 0.12302 0.40295 0.03004 0.00649 
47	1	0.00002 0.00008 0.00061 0.00223 0.00719 0.01187 0.01497 0.01627 0.01932 0.03234 0.13196 0.20775 0.13438 0.34246 0.06673 0.01182 
48	1	0.00025 0.00545 0.00861 0.02011 0.02933 0.02860 0.03222 0.03525 0.04080 0.06367 0.10368 0.20631 0.12694 0.12937 0.11074 0.05864 
49	1	0.00004 0.00014 0.00077 0.00214 0.00522 0.00766 0.01025 0.01228 0.01350 0.05312 0.12730 0.21422 0.32285 0.14601 0.06507 0.01942 
50	1	0.00002 0.00011 0.00066 0.00205 0.00500 0.00728 0.01096 0.01332 0.01957 0.02393 0.14375 0.19559 0.29207 0.21483 0.05730 0.01357 
51	1	0.00009 0.00082 0.00316 0.00682 0.01422 0.01738 0.01740 0.02188 0.03343 0.03214 0.03221 0.03892 0.12110 0.23119 0.38451 0.04474 
52	1	0.00004 0.00057 0.00225 0.00660 0.01514 0.01842 0.01622 0.01907 0.02265 0.02549 0.03021 0.04298 0.21015 0.35990 0.22770 0.00260 
53	1	0.00095 0.00226 0.00505 0.01349 0.01024 0.01385 0.01832 0.01668 0.01935 0.02599 0.03758 0.11068 0.25879 0.32363 0.12649 0.01664 
54	1	0.00047 0.00124 0.00248 0.00692 0.01221 0.00871 0.01454 0.01185 0.01300 0.01465 0.02021 0.03418 0.10659 0.59480 0.15434 0.00383 
55	1	0.00002 0.00108 0.01092 0.02343 0.01477 0.00451 0.00340 0.00381 0.00406 0.00399 0.02795 0.04440 0.58303 0.22481 0.04967 0.00014 
56	1	0.00002 0.00162 0.01254 0.02241 0.01322 0.00435 0.00356 0.00336 0.00340 0.00412 0.00415 0.00577 0.35755 0.39568 0.15749 0.01079 
57	1	0.00064 0.00299 0.00629 0.00968 0.01447 0.03108 0.08811 0.13986 0.02580 0.00507 0.00485 0.00879 0.22767 0.30226 0.12892 0.00352 
58	1	0.00007 0.00468 0.00951 0.01687 0.02085 0.03021 0.05987 0.13533 0.09929 0.01112 0.00713 0.00674 0.06258 0.30494 0.22323 0.00757 
59	1	0.00086 0.01621 0.01603 0.02504 0.02284 0.02574 0.02940 0.03683 0.06707 0.07255 0.12198 0.12650 0.19822 0.14157 0.07627 0.02289 
60	1	0.00003 0.00457 0.00962 0.02244 0.03184 0.03595 0.03985 0.07699 0.14661 0.07055 0.01361 0.01005 0.01055 0.07072 0.45631 0.00030 
61	1	0.00014 0.00500 0.00981 0.01678 0.01970 0.02657 0.04712 0.13217 0.11093 0.01445 0.00843 0.00774 0.01681 0.26666 0.31725 0.00042 
62	1	0.00004 0.00011 0.00032 0.00085 0.00216 0.00767 0.03008 0.04984 0.14259 0.16407 0.20306 0.09499 0.12263 0.10602 0.07400 0.00155 
63	1	0.00015 0.00050 0.00106 0.00189 0.00367 0.00911 0.04236 0.06589 0.01985 0.18376 0.16499 0.11192 0.16014 0.13125 0.10096 0.00250 
64	1	0.00012 0.00072 0.00555 0.02650 0.09229 0.22290 0.19080 0.05331 0.01666 0.01495 0.01387 0.01423 0.01352 0.21692 0.11744 0.00020 
65	1	0.00073 0.00771 0.04970 0.08776 0.21101 0.12245 0.02402 0.01000 0.00910 0.00785 0.00871 0.01224 0.24490 0.18285 0.02032 0.00065 
66	1	0.00020 0.00522 0.03819 0.11220 0.14215 0.04105 0.01228 0.00987 0.00827 0.00844 0.01496 0.23472 0.31331 0.04258 0.01617 0.00039 
67	1	0.00008 0.00073 0.00772 0.03578 0.07265 0.12560 0.14195 0.09705 0.05209 0.02304 0.01463 0.01449 0.01499 0.04540 0.35344 0.00035 
68	1	0.00004 0.00007 0.00060 0.00270 0.01476 0.03241 0.03760 0.03620 0.04427 0.04247 0.05797 0.22280 0.17538 0.16104 0.14996 0.02171 
69	1	0.00001 0.00017 0.00078 0.00402 0.01357 0.02290 0.02607 0.02911 0.03141 0.03604 0.13357 0.14747 0.10796 0.25765 0.17198 0.01728 
70	2	0.00082 0.01440 0.03797 0.06809 0.05865 0.04444 0.06020 0.10100 0.18445 0.16346 0.07032 0.05392 0.06446 0.05441 0.01855 0.00482 
71	2	0.00145 0.01873 0.05915 0.09104 0.06567 0.04596 0.03294 0.05183 0.13180 0.21310 0.08881 0.05466 0.05753 0.05557 0.02625 0.00550 
72	2	0.00078 0.01408 0.04696 0.07137 0.06187 0.04989 0.05474 0.09801 0.19490 0.12024 0.06025 0.05457 0.08328 0.07008 0.01637 0.00261 
73	2	0.00217 0.02424 0.06715 0.06274 0.05402 0.06947 0.13700 0.15652 0.09316 0.06638 0.05613 0.06363 0.07026 0.05777 0.01440 0.00495 
74	2	0.00304 0.02747 0.06890 0.08706 0.05314 0.03827 0.04969 0.10649 0.16559 0.10676 0.05172 0.04705 0.06766 0.10391 0.02244 0.00079 
75	2	0.00002 0.00024 0.00208 0.00275 0.00516 0.01327 0.03665 0.07715 0.18635 0.30469 0.26797 0.08179 0.00958 0.00515 0.00592 0.00124 
76	2	0.00002 0.00001 0.00030 0.00082 0.00301 0.00876 0.02043 0.03795 0.10200 0.18025 0.23902 0.22508 0.10035 0.05432 0.02139 0.00630 
77	2	0.00009 0.00008 0.00021 0.00041 0.00218 0.00326 0.01095 0.03194 0.08271 0.27601 0.31014 0.17152 0.04472 0.05100 0.01281 0.00196 
78	2	0.00013 0.00540 0.02196 0.03017 0.04077 0.04210 0.06512 0.03524 0.02617 0.03851 0.07625 0.44478 0.08974 0.03901 0.04150 0.00315 
79	2	0.00010 0.00131 0.01431 0.03578 0.03836 0.04495 0.04076 0.03772 0.04188 0.07546 0.12332 0.43103 0.06330 0.02733 0.02128 0.00311 
80	2	0.00010 0.00225 0.00792 0.01623 0.04546 0.07207 0.08497 0.06634 0.06187 0.06666 0.05785 0.45992 0.02774 0.01783 0.00919 0.00359 
81	2	0.00000 0.00023 0.00219 0.00499 0.00990 0.01122 0.01297 0.01808 0.02834 0.02558 0.06707 0.14196 0.29577 0.23096 0.13481 0.01594 
82	2	0.00454 0.00655 0.00574 0.00824 0.02150 0.06043 0.04906 0.08813 0.18142 0.24515 0.07537 0.07079 0.03155 0.04077 0.09808 0.01267 
83	2	0.00007 0.00012 0.00107 0.00931 0.02503 0.05837 0.06935 0.09285 0.18921 0.17173 0.05073 0.05431 0.05512 0.09888 0.12257 0.00127 
84	2	0.00001 0.00000 0.00006 0.00023 0.00229 0.01447 0.06017 0.16073 0.30789 0.30942 0.02522 0.01707 0.01639 0.03301 0.04354 0.00949 
85	2	0.00022 0.00392 0.01204 0.03389 0.07885 0.12500 0.17672 0.26677 0.06406 0.04303 0.03919 0.02845 0.02435 0.04560 0.05570 0.00223 
86	2	0.00126 0.00867 0.01347 0.00866 0.01730 0.04273 0.04404 0.06445 0.14221 0.27624 0.11492 0.06782 0.06987 0.07553 0.05196 0.00086 
87	2	0.00013 0.00080 0.00226 0.00811 0.02528 0.07232 0.06570 0.09822 0.14456 0.23277 0.08812 0.05730 0.06369 0.09414 0.04636 0.00024 
88	2	0.00009 0.00098 0.00232 0.00686 0.02555 0.07301 0.06971 0.10892 0.16832 0.24664 0.07443 0.06113 0.05271 0.06673 0.04212 0.00047 
89	2	0.00002 0.00097 0.01315 0.06516 0.14082 0.07720 0.04145 0.01877 0.02627 0.09973 0.24339 0.22247 0.02382 0.01346 0.01232 0.00098 
90	2	0.00001 0.00008 0.00115 0.00995 0.01999 0.03550 0.05790 0.06184 0.06300 0.15376 0.27296 0.23770 0.04459 0.02189 0.01616 0.00353 
91	2	0.00000 0.00006 0.00046 0.00072 0.00114 0.00223 0.00455 0.00738 0.01169 0.01972 0.03597 0.80765 0.08287 0.01730 0.00669 0.00156 
92	2	0.00001 0.00013 0.00150 0.01137 0.03692 0.04800 0.03749 0.05222 0.26632 0.11375 0.14861 0.10566 0.10229 0.06635 0.00876 0.00062 
93	2	0.00000 0.00001 0.00010 0.00136 0.01178 0.04723 0.13817 0.14477 0.10985 0.13432 0.17612 0.14361 0.08112 0.00936 0.00210 0.00008 
94	2	0.00001 0.00022 0.00378 0.02177 0.08317 0.10090 0.09315 0.08602 0.12483 0.14432 0.11925 0.11666 0.08464 0.01920 0.00204 0.00003 
95	2	0.00000 0.00002 0.00027 0.00270 0.01469 0.06765 0.09667 0.11744 0.09839 0.11404 0.25515 0.17700 0.04736 0.00742 0.00087 0.00030 
96	2	0.00001 0.00007 0.00049 0.00372 0.05057 0.10886 0.06067 0.07342 0.10239 0.11205 0.12924 0.14831 0.13912 0.06633 0.00472 0.00003 
97	2	0.00001 0.00014 0.00050 0.00205 0.00543 0.12353 0.14282 0.08990 0.11247 0.20826 0.14662 0.08235 0.05530 0.02559 0.00482 0.00021 
98	2	0.00000 0.00005 0.00026 0.00099 0.00419 0.12609 0.08592 0.04612 0.07525 0.17477 0.09509 0.20124 0.15285 0.03423 0.00269 0.00025 
99	2	0.00001 0.00004 0.00053 0.00102 0.00107 0.00120 0.22167 0.14512 0.05955 0.07865 0.14696 0.17367 0.11742 0.04495 0.00794 0.00020 
100	2	0.00002 0.00047 0.00089 0.00108 0.00395 0.22559 0.01664 0.02205 0.06668 0.21932 0.16327 0.12980 0.12742 0.02044 0.00235 0.00002 
101	2	0.00002 0.00022 0.00070 0.00086 0.00109 0.02892 0.19000 0.02248 0.01879 0.07205 0.28887 0.14716 0.10547 0.10337 0.01979 0.00022 
102	2	0.00004 0.00053 0.00392 0.00925 0.02115 0.03892 0.05258 0.05712 0.07510 0.12303 0.48497 0.06433 0.03852 0.01932 0.00884 0.00238 
103	2	0.00007 0.00160 0.00740 0.01798 0.04455 0.06544 0.11809 0.17096 0.12636 0.12605 0.13496 0.12309 0.05681 0.00649 0.00015 0.00000 
104	2	0.00001 0.00057 0.01534 0.03009 0.03645 0.12868 0.17630 0.10490 0.10997 0.16735 0.16872 0.05262 0.00771 0.00123 0.00005 0.00001 
105	2	0.00007 0.02022 0.18637 0.07010 0.06660 0.07817 0.09425 0.11225 0.09464 0.07044 0.06453 0.05795 0.05692 0.02323 0.00404 0.00020 
106	2	0.00000 0.00001 0.00060 0.01080 0.04264 0.08605 0.11667 0.19278 0.19508 0.08210 0.07771 0.11885 0.05697 0.01531 0.00385 0.00059 
107	2	0.00001 0.00012 0.00121 0.01242 0.04294 0.08049 0.09720 0.10068 0.10230 0.13533 0.23095 0.15475 0.04001 0.00153 0.00005 0.00001 
108	2	0.00002 0.00003 0.02431 0.13897 0.07402 0.04238 0.05335 0.06905 0.16540 0.12447 0.10405 0.07806 0.09057 0.02890 0.00631 0.00011 
109	2	0.00001 0.00001 0.00117 0.17288 0.12557 0.04525 0.04395 0.05279 0.07421 0.10077 0.09787 0.12591 0.11379 0.03859 0.00692 0.00029 
110	2	0.00001 0.00003 0.00040 0.00164 0.00200 0.00194 0.01091 0.15566 0.07826 0.11627 0.18951 0.17420 0.17949 0.07911 0.01053 0.00003 
111	2	0.00009 0.00138 0.01379 0.00415 0.00638 0.02257 0.05760 0.10367 0.11835 0.14559 0.21006 0.17264 0.10901 0.02684 0.00555 0.00234 
112	2	0.00001 0.00010 0.00090 0.00479 0.02210 0.04019 0.04999 0.04642 0.22415 0.19082 0.18021 0.08860 0.07967 0.06185 0.00995 0.00026 
113	2	0.00002 0.00021 0.00235 0.00667 0.01280 0.02442 0.04440 0.05482 0.07386 0.40526 0.25981 0.05756 0.03064 0.01754 0.00732 0.00234 
114	2	0.00004 0.00038 0.00446 0.00909 0.02702 0.05529 0.10493 0.09314 0.10067 0.09775 0.35729 0.06745 0.04586 0.02163 0.01191 0.00308 
115	2	0.00010 0.00047 0.00419 0.01105 0.03840 0.08416 0.14402 0.12596 0.10155 0.09636 0.27350 0.06182 0.03271 0.01674 0.00736 0.00161 
116	2	0.00151 0.00948 0.01605 0.01959 0.02131 0.04616 0.08357 0.14525 0.15785 0.11734 0.09127 0.21312 0.05261 0.01686 0.00636 0.00166 
117	2	0.00152 0.01528 0.02104 0.03255 0.05484 0.04921 0.02677 0.03160 0.08820 0.16899 0.15846 0.18950 0.07590 0.05214 0.03241 0.00159 
118	2	0.00005 0.00010 0.00017 0.00030 0.00049 0.00097 0.00686 0.03091 0.09665 0.18425 0.18860 0.19039 0.16529 0.12995 0.00448 0.00054 
119	2	0.00000 0.00000 0.00051 0.00567 0.02750 0.06950 0.10803 0.02390 0.02003 0.07685 0.05519 0.33818 0.18035 0.07511 0.01856 0.00061 
120	2	0.00000 0.00004 0.00095 0.00359 0.02098 0.04874 0.04936 0.03134 0.02696 0.05440 0.53995 0.12227 0.05884 0.03560 0.00687 0.00010 
121	2	0.00001 0.00013 0.00248 0.00915 0.02045 0.03145 0.02908 0.02881 0.02879 0.12857 0.46184 0.16417 0.05630 0.02883 0.00976 0.00018 
122	2	0.00002 0.00009 0.00113 0.02183 0.01564 0.02262 0.05391 0.12724 0.18741 0.12947 0.06084 0.03621 0.24775 0.07456 0.01955 0.00172 
123	2	0.00003 0.00040 0.00119 0.00214 0.00345 0.00744 0.01169 0.01926 0.02825 0.09290 0.77017 0.03172 0.01858 0.00816 0.00373 0.00090 
124	2	0.00000 0.00009 0.00042 0.00461 0.02038 0.03376 0.11367 0.19978 0.14997 0.07617 0.05612 0.05976 0.20150 0.06034 0.02132 0.00210 
125	2	0.00005 0.00096 0.02300 0.02808 0.01680 0.11637 0.19825 0.19553 0.11087 0.05984 0.04972 0.04949 0.06831 0.06279 0.01846 0.00147 
126	2	0.00004 0.00016 0.00113 0.00258 0.01023 0.04155 0.07897 0.09048 0.10374 0.09752 0.09392 0.24320 0.17976 0.03884 0.01419 0.00368 
127	2	0.00002 0.00033 0.00336 0.00856 0.02762 0.06138 0.08794 0.08772 0.09580 0.15307 0.32407 0.08216 0.04033 0.01839 0.00767 0.00155 
128	2	0.00000 0.00015 0.00028 0.00047 0.00234 0.01612 0.07510 0.06290 0.02990 0.02818 0.10837 0.23915 0.41574 0.01728 0.00317 0.00085 
129	2	0.00000 0.00014 0.00035 0.00130 0.00500 0.02550 0.09576 0.08810 0.03835 0.02644 0.08702 0.21196 0.38734 0.02652 0.00443 0.00180 
130	2	0.00001 0.00004 0.00054 0.00203 0.01055 0.04830 0.06051 0.03687 0.02845 0.02591 0.05637 0.46921 0.24420 0.01342 0.00301 0.00059 
131	2	0.00002 0.00036 0.00227 0.00440 0.01469 0.03455 0.05830 0.06822 0.07100 0.08902 0.19626 0.29114 0.10683 0.04303 0.01638 0.00352 
132	2	0.00009 0.00051 0.00117 0.00203 0.00546 0.03494 0.07534 0.06152 0.08522 0.09815 0.08437 0.08324 0.26226 0.16179 0.03671 0.00719 
133	2	0.00001 0.00007 0.00211 0.00733 0.02668 0.06235 0.09647 0.08273 0.09971 0.11895 0.28804 0.10627 0.06532 0.02791 0.01328 0.00275 
134	2	0.00001 0.00025 0.00566 0.02024 0.05814 0.05292 0.04380 0.03526 0.03283 0.07199 0.15322 0.39915 0.11257 0.00963 0.00353 0.00080 
135	2	0.00006 0.00097 0.00282 0.01990 0.03390 0.02917 0.06094 0.13146 0.27751 0.18409 0.10183 0.05508 0.05204 0.03460 0.01322 0.00240 
136	2	0.00016 0.00146 0.00535 0.03053 0.03628 0.04645 0.06368 0.13374 0.15310 0.19599 0.11177 0.06927 0.05066 0.03529 0.06356 0.00271 
137	2	0.00001 0.00029 0.00203 0.01060 0.04154 0.10084 0.09535 0.06172 0.04660 0.04487 0.19026 0.36615 0.02553 0.00917 0.00417 0.00086 
138	2	0.00324 0.04023 0.07078 0.03066 0.02786 0.04992 0.09068 0.13122 0.10813 0.08396 0.06835 0.09888 0.16627 0.02226 0.00656 0.00097 
139	2	0.00222 0.02060 0.08201 0.03715 0.03137 0.04470 0.08171 0.13209 0.14360 0.11933 0.09656 0.08415 0.07166 0.03962 0.01087 0.00235 
140	3	0.00002 0.00267 0.02327 0.08478 0.15427 0.14910 0.12688 0.07763 0.06237 0.05445 0.05972 0.07350 0.06862 0.03954 0.02056 0.00261 
141	3	0.00023 0.00261 0.01508 0.03802 0.08840 0.07351 0.09911 0.08494 0.10657 0.10534 0.09015 0.08717 0.07028 0.06028 0.06249 0.01580 
142	3	0.00001 0.00313 0.05182 0.15090 0.19362 0.14502 0.07053 0.04133 0.05146 0.06021 0.06232 0.04873 0.05958 0.03907 0.01825 0.00400 
143	3	0.00030 0.00785 0.05004 0.09222 0.08691 0.11310 0.10913 0.10369 0.09897 0.08542 0.07287 0.06697 0.06280 0.03726 0.01065 0.00181 
144	3	0.00023 0.01889 0.04238 0.09652 0.12170 0.08501 0.07290 0.07707 0.08415 0.08899 0.08937 0.08728 0.08517 0.04122 0.00832 0.00081 
145	3	0.00003 0.00225 0.00515 0.01469 0.03310 0.06099 0.07643 0.09767 0.13857 0.15347 0.16147 0.13697 0.09155 0.02061 0.00629 0.00075 
146	3	0.00021 0.00382 0.01243 0.03212 0.06289 0.06557 0.07881 0.08905 0.11092 0.12591 0.12115 0.11143 0.10925 0.05847 0.01667 0.00130 
147	3	0.00064 0.00620 0.02741 0.07575 0.11269 0.10855 0.10815 0.09367 0.08782 0.08057 0.07439 0.07112 0.06130 0.05153 0.03049 0.00972 
148	3	0.00044 0.00412 0.02244 0.05368 0.07810 0.08460 0.07350 0.06807 0.08427 0.10021 0.10401 0.09547 0.07860 0.07195 0.06065 0.01988 
149	3	0.00001 0.00110 0.00571 0.01921 0.02565 0.03615 0.05543 0.08564 0.10774 0.07292 0.06072 0.06530 0.07254 0.10602 0.20799 0.07787 
150	3	0.00127 0.01733 0.02050 0.02552 0.03114 0.04313 0.05400 0.05417 0.06195 0.05862 0.05862 0.06250 0.08873 0.18041 0.18194 0.06016 
151	3	0.00137 0.01327 0.01627 0.02165 0.02672 0.04001 0.05019 0.05920 0.06722 0.06054 0.06133 0.06398 0.07663 0.15692 0.21022 0.07446 
152	3	0.00009 0.00207 0.00394 0.00659 0.01430 0.04237 0.10051 0.11254 0.10526 0.07234 0.06499 0.05908 0.07207 0.09244 0.16562 0.08579 
153	3	0.00006 0.00501 0.02669 0.12131 0.15845 0.05905 0.06695 0.07527 0.08256 0.08835 0.08370 0.06987 0.05862 0.04923 0.03892 0.01596 
154	3	0.00038 0.00374 0.02125 0.03816 0.07137 0.10699 0.10756 0.10552 0.09971 0.09254 0.08979 0.07510 0.07042 0.05360 0.04707 0.01680 
155	3	0.00399 0.06538 0.08334 0.06687 0.07511 0.06205 0.07276 0.10353 0.09845 0.12502 0.11740 0.07291 0.03241 0.01485 0.00555 0.00037 
156	3	0.00008 0.00050 0.00374 0.18092 0.15769 0.06381 0.09548 0.09345 0.09941 0.06466 0.07105 0.07453 0.06002 0.02368 0.01057 0.00041 
157	3	0.01422 0.13143 0.07410 0.06557 0.08492 0.04819 0.02664 0.02392 0.06336 0.11698 0.14226 0.09867 0.06189 0.03552 0.01197 0.00036 
158	3	0.00037 0.00074 0.00146 0.01002 0.06473 0.07119 0.05417 0.13840 0.17136 0.21013 0.16240 0.07816 0.02798 0.00768 0.00113 0.00006 
159	3	0.00205 0.00314 0.00162 0.01967 0.19194 0.12102 0.03860 0.13133 0.18975 0.14772 0.07755 0.03692 0.02238 0.01240 0.00378 0.00012 
160	3	0.00158 0.04583 0.03540 0.00988 0.00548 0.02638 0.09322 0.26665 0.29360 0.12315 0.05659 0.02369 0.01158 0.00459 0.00224 0.00013 
161	3	0.00001 0.00774 0.01292 0.06269 0.50611 0.19705 0.07435 0.03559 0.02662 0.02535 0.02049 0.01526 0.00984 0.00439 0.00139 0.00020 
162	3	0.00113 0.05247 0.02706 0.03129 0.04615 0.07790 0.16215 0.22760 0.24938 0.09467 0.02253 0.00625 0.00114 0.00020 0.00008 0.00002 
163	3	0.00100 0.00356 0.00204 0.00721 0.27854 0.13355 0.08126 0.08459 0.12770 0.12472 0.08417 0.04232 0.01909 0.00761 0.00175 0.00090 
164	3	0.00012 0.14853 0.15400 0.09324 0.05984 0.04396 0.05622 0.11834 0.12567 0.09312 0.05042 0.03045 0.01667 0.00690 0.00161 0.00091 
165	3	0.00006 0.00030 0.00374 0.06292 0.16881 0.17913 0.11067 0.06695 0.08009 0.09278 0.05870 0.03656 0.03810 0.06495 0.03324 0.00299 
166	3	0.00002 0.00032 0.00208 0.01413 0.25651 0.20479 0.20647 0.09940 0.02664 0.02972 0.04198 0.05326 0.04981 0.01402 0.00065 0.00020 
167	3	0.00034 0.00268 0.01188 0.11832 0.21219 0.25806 0.14657 0.03810 0.02806 0.02619 0.02788 0.03961 0.04807 0.03941 0.00234 0.00028 
168	3	0.00000 0.00010 0.00027 0.02223 0.23302 0.25197 0.10591 0.04661 0.04201 0.02503 0.04875 0.09337 0.10776 0.02162 0.00128 0.00005 
169	3	0.00000 0.00159 0.00893 0.06970 0.25503 0.17589 0.16180 0.09415 0.05416 0.03841 0.04062 0.05176 0.03622 0.01008 0.00157 0.00007 
170	3	0.00002 0.00009 0.00053 0.00443 0.03599 0.11825 0.18755 0.16848 0.13813 0.11323 0.07411 0.05095 0.04283 0.04609 0.01562 0.00370 
171	3	0.00047 0.00960 0.02389 0.04612 0.06851 0.07361 0.07487 0.06227 0.06397 0.06913 0.08512 0.26175 0.11598 0.02541 0.01323 0.00605 
172	3	0.00012 0.00453 0.01624 0.03872 0.06886 0.08552 0.08079 0.06569 0.06384 0.07841 0.18032 0.24614 0.03256 0.01753 0.01315 0.00757 
173	3	0.00108 0.00803 0.00808 0.01553 0.02892 0.06517 0.14954 0.19280 0.20407 0.14302 0.08773 0.05789 0.02965 0.00717 0.00115 0.00017 
174	3	0.00099 0.00384 0.00832 0.02072 0.15548 0.28887 0.07207 0.06332 0.07973 0.06980 0.05041 0.04575 0.04404 0.05055 0.03697 0.00914 
175	3	0.00017 0.00021 0.00131 0.00640 0.10537 0.20067 0.06047 0.08317 0.14260 0.11747 0.08673 0.06461 0.05046 0.04596 0.02722 0.00719 
176	3	0.00015 0.00182 0.00578 0.02131 0.10329 0.25029 0.05862 0.08446 0.11643 0.09903 0.06960 0.05792 0.04757 0.04677 0.03203 0.00492 
177	3	0.00018 0.00034 0.00118 0.00469 0.01349 0.26032 0.19095 0.08965 0.09382 0.08735 0.06180 0.04448 0.04112 0.04817 0.04729 0.01517 
178	3	0.00092 0.02083 0.12250 0.21117 0.18598 0.09430 0.07491 0.06033 0.05382 0.05314 0.05639 0.04397 0.01461 0.00408 0.00202 0.00102 
179	3	0.00146 0.02226 0.08618 0.18774 0.16397 0.10180 0.06709 0.06074 0.05775 0.07427 0.08397 0.06167 0.02340 0.00481 0.00252 0.00037 
180	3	0.00160 0.02146 0.07997 0.16206 0.15748 0.09923 0.07216 0.07166 0.08253 0.10517 0.08915 0.04510 0.00784 0.00244 0.00170 0.00042 
181	3	0.00313 0.02927 0.11865 0.18640 0.12588 0.08416 0.08141 0.09683 0.11051 0.10194 0.04730 0.00779 0.00288 0.00200 0.00147 0.00037 
182	3	0.00031 0.00900 0.05657 0.07161 0.07296 0.07327 0.08041 0.08560 0.11265 0.09755 0.08185 0.06555 0.05477 0.05889 0.06518 0.01385 
183	3	0.00016 0.01771 0.13142 0.17648 0.13940 0.10962 0.08110 0.08557 0.08763 0.08137 0.04780 0.02171 0.00862 0.00563 0.00403 0.00175 
184	3	0.00009 0.00104 0.00565 0.02790 0.07222 0.08964 0.10885 0.11324 0.11598 0.13669 0.12902 0.10262 0.06439 0.02722 0.00539 0.00006 
185	3	0.00000 0.00001 0.00034 0.00343 0.01612 0.05197 0.08308 0.10131 0.13249 0.14120 0.15252 0.14599 0.10550 0.05019 0.01417 0.00169 
186	3	0.00013 0.00168 0.01327 0.06728 0.14345 0.13681 0.09942 0.11665 0.11564 0.07751 0.05966 0.04959 0.04277 0.03772 0.02775 0.01066 
187	3	0.00010 0.00159 0.01338 0.07226 0.14482 0.13230 0.11672 0.12991 0.11440 0.07250 0.05279 0.04464 0.03762 0.03226 0.02572 0.00899 
188	3	0.00015 0.00332 0.02390 0.07202 0.11677 0.10962 0.09232 0.09300 0.08650 0.07760 0.06161 0.05645 0.05388 0.05397 0.04340 0.05547 
189	3	0.00006 0.00190 0.01281 0.04407 0.11822 0.15232 0.12197 0.09579 0.08273 0.08484 0.10104 0.10860 0.03927 0.02311 0.00844 0.00481 
190	3	0.00005 0.00301 0.03085 0.09708 0.14667 0.17383 0.13815 0.08396 0.05933 0.04600 0.04139 0.03848 0.03777 0.02965 0.02404 0.04977 
191	3	0.00004 0.00132 0.01525 0.04500 0.07108 0.08522 0.09463 0.09527 0.10135 0.09520 0.08062 0.06374 0.05469 0.04740 0.07586 0.07332 
192	3	0.00001 0.00113 0.01331 0.04909 0.08004 0.09490 0.11234 0.11191 0.11676 0.09052 0.05830 0.04979 0.03808 0.04037 0.07060 0.07285 
193	3	0.00098 0.01371 0.03515 0.05284 0.07005 0.08302 0.08973 0.08923 0.09448 0.09775 0.09523 0.08538 0.06837 0.05477 0.04251 0.02677 
194	3	0.00017 0.00190 0.01797 0.08113 0.23174 0.21990 0.12807 0.10202 0.06053 0.02292 0.02224 0.02442 0.01813 0.01587 0.01224 0.04075 
195	3	0.00011 0.01260 0.07269 0.16604 0.21654 0.14589 0.06543 0.05841 0.03657 0.03162 0.02759 0.02435 0.01657 0.01132 0.01784 0.09643 
196	3	0.00004 0.00240 0.03292 0.09061 0.19526 0.17472 0.06926 0.05616 0.03793 0.03503 0.03269 0.03317 0.02593 0.02078 0.02295 0.17015 
197	3	0.00008 0.00113 0.00941 0.04768 0.18000 0.29673 0.17112 0.05749 0.09070 0.09893 0.03013 0.00908 0.00492 0.00181 0.00041 0.00039 
198	3	0.00019 0.00522 0.03494 0.07090 0.13341 0.24730 0.20872 0.07418 0.08586 0.09531 0.02695 0.00937 0.00539 0.00161 0.00037 0.00027 
199	3	0.00025 0.02791 0.16017 0.25002 0.13092 0.04479 0.04070 0.04627 0.05875 0.13676 0.06660 0.01219 0.00945 0.00927 0.00495 0.00099 
200	3	0.00038 0.01083 0.05979 0.11016 0.09766 0.09237 0.08844 0.07300 0.09970 0.16861 0.07898 0.04110 0.02681 0.02609 0.02262 0.00347 
201	3	0.00071 0.02693 0.09431 0.07445 0.07519 0.09918 0.13287 0.14586 0.13540 0.10370 0.05849 0.02287 0.01263 0.00725 0.00616 0.00399 
202	3	0.00033 0.01007 0.04975 0.11632 0.16808 0.14367 0.11574 0.09395 0.12134 0.11044 0.03682 0.01847 0.00778 0.00428 0.00232 0.00064 
203	3	0.00020 0.00930 0.06463 0.12186 0.14423 0.14525 0.11340 0.10768 0.10150 0.09587 0.04746 0.02126 0.01394 0.00835 0.00328 0.00178 
204	3	0.00017 0.00288 0.00689 0.01817 0.04704 0.08485 0.15363 0.18062 0.16843 0.15336 0.09919 0.04473 0.02421 0.01060 0.00472 0.00050 
205	3	0.00117 0.04359 0.19932 0.28908 0.21875 0.06652 0.02753 0.02505 0.02449 0.01833 0.01787 0.01665 0.01616 0.01526 0.01442 0.00581 
206	3	0.00059 0.04160 0.21458 0.28464 0.18515 0.06780 0.03676 0.03229 0.02601 0.01949 0.01934 0.01934 0.01755 0.01680 0.01320 0.00483 
207	3	0.00080 0.03042 0.13189 0.21000 0.21375 0.07636 0.04562 0.05432 0.05474 0.05802 0.05077 0.03468 0.02086 0.00915 0.00620 0.00241 
208	3	0.00018 0.00369 0.01179 0.02046 0.02007 0.03287 0.04157 0.05198 0.07830 0.10619 0.13015 0.18714 0.21582 0.09468 0.00504 0.00006 
209	3	0.00002 0.00222 0.01202 0.03360 0.04604 0.06087 0.07722 0.10132 0.10716 0.09220 0.10722 0.13578 0.12273 0.09154 0.00990 0.00016 
210	4	0.00044 0.00347 0.00617 0.01252 0.03341 0.05978 0.07227 0.05270 0.03226 0.02212 0.12694 0.16515 0.02066 0.33217 0.02940 0.03050 
211	4	0.00063 0.00295 0.00456 0.00890 0.01385 0.01627 0.01804 0.02682 0.03605 0.10935 0.23392 0.07699 0.06792 0.34134 0.02560 0.01681 
212	4	0.00006 0.00059 0.00194 0.00455 0.00624 0.01092 0.02010 0.03658 0.04653 0.15727 0.18775 0.05467 0.07980 0.34960 0.02525 0.01816 
213	4	0.00451 0.00878 0.00683 0.00565 0.00526 0.00948 0.02176 0.07414 0.15416 0.14690 0.10506 0.08483 0.11817 0.05232 0.16309 0.03905 
214	4	0.00025 0.00280 0.00489 0.00857 0.01271 0.01989 0.03338 0.05429 0.06247 0.08057 0.15299 0.09883 0.14360 0.25035 0.05350 0.02091 
215	4	0.00020 0.00185 0.00424 0.00777 0.01441 0.02372 0.03878 0.05826 0.07542 0.07566 0.09691 0.09876 0.16601 0.26083 0.05550 0.02167 
216	4	0.00026 0.00195 0.00363 0.00587 0.00960 0.01536 0.02186 0.02641 0.03237 0.08471 0.09123 0.16240 0.25561 0.23109 0.04104 0.01661 
217	4	0.00012 0.00093 0.00110 0.00134 0.00208 0.00290 0.00411 0.00524 0.00750 0.01269 0.03965 0.19337 0.47167 0.13409 0.09944 0.02378 
218	4	0.00002 0.00016 0.00138 0.00268 0.00649 0.01236 0.01946 0.04187 0.11724 0.22277 0.22917 0.20678 0.04996 0.06295 0.01998 0.00672 
219	4	0.00002 0.00073 0.00230 0.00332 0.00673 0.01235 0.02243 0.04304 0.07350 0.11649 0.38474 0.10589 0.08105 0.08278 0.05056 0.01405 
220	4	0.00036 0.00214 0.00645 0.01326 0.01742 0.01379 0.00861 0.00708 0.02860 0.06670 0.08085 0.24577 0.22653 0.11773 0.13232 0.03238 
221	4	0.00004 0.00012 0.00032 0.00071 0.00308 0.00892 0.03086 0.06295 0.07417 0.17880 0.11363 0.07549 0.11320 0.22348 0.09249 0.02175 
222	4	0.00037 0.00182 0.00489 0.01021 0.01581 0.01907 0.03859 0.06852 0.10801 0.16542 0.14061 0.07583 0.11598 0.14088 0.06994 0.02403 
223	4	0.00016 0.00323 0.02769 0.02362 0.00830 0.01110 0.00515 0.05992 0.09067 0.03491 0.06826 0.12209 0.23605 0.14858 0.12901 0.03124 
224	4	0.00029 0.00203 0.00231 0.00318 0.00490 0.00862 0.01541 0.03617 0.07315 0.12240 0.13528 0.15403 0.15012 0.14435 0.10862 0.03911 
225	4	0.00050 0.00234 0.01230 0.01843 0.01009 0.01378 0.01997 0.03785 0.04850 0.19364 0.34012 0.04438 0.04397 0.09265 0.09505 0.02641 
226	4	0.00077 0.00183 0.00300 0.00532 0.00957 0.01575 0.02383 0.04109 0.06637 0.10451 0.10266 0.08024 0.28821 0.20076 0.04321 0.01288 
227	4	0.00005 0.00151 0.00355 0.00818 0.01351 0.01721 0.03200 0.07054 0.07609 0.06835 0.05782 0.12659 0.21415 0.10197 0.16782 0.04067 
228	4	0.00049 0.00211 0.00392 0.01052 0.02704 0.05834 0.07331 0.06489 0.06835 0.11640 0.08780 0.03589 0.12714 0.14256 0.04196 0.13927 
229	4	0.00055 0.00252 0.00500 0.00996 0.02212 0.04285 0.06370 0.06447 0.06901 0.11896 0.18008 0.09328 0.07742 0.10540 0.07850 0.06618 
230	4	0.00052 0.00320 0.00721 0.01375 0.02751 0.04425 0.05266 0.03570 0.01692 0.07500 0.31564 0.06837 0.10581 0.19843 0.01815 0.01687 
231	4	0.00097 0.00351 0.00445 0.00633 0.01082 0.02174 0.03953 0.04428 0.03381 0.03565 0.14721 0.10203 0.23864 0.11025 0.15142 0.04936 
232	4	0.00029 0.00205 0.00219 0.00336 0.00578 0.01140 0.02337 0.04435 0.07912 0.12834 0.17810 0.10552 0.05490 0.18632 0.04633 0.12857 
233	4	0.00087 0.00196 0.00298 0.00490 0.01205 0.02718 0.04375 0.05687 0.06160 0.08000 0.18746 0.15429 0.08350 0.07373 0.10295 0.10589 
234	4	0.00010 0.00152 0.00344 0.00708 0.01220 0.02867 0.07210 0.12502 0.11342 0.09827 0.07911 0.15506 0.16003 0.08167 0.05747 0.00482 
235	4	0.00069 0.00225 0.00489 0.01386 0.02994 0.05152 0.06226 0.07370 0.06537 0.05433 0.17242 0.18369 0.12146 0.10077 0.05822 0.00462 
236	4	0.00043 0.00202 0.00293 0.00611 0.01293 0.02530 0.03379 0.02978 0.03685 0.12247 0.24307 0.02649 0.29036 0.12649 0.02125 0.01972 
237	4	0.00060 0.00190 0.00325 0.00569 0.01011 0.01770 0.02488 0.03089 0.04006 0.10007 0.23313 0.12650 0.05682 0.31701 0.01686 0.01452 
238	4	0.00001 0.00006 0.00081 0.03971 0.42741 0.13975 0.04130 0.03964 0.04309 0.03888 0.03030 0.02393 0.03118 0.04787 0.09533 0.00072 
239	4	0.00715 0.26672 0.11268 0.02042 0.01670 0.02403 0.03153 0.09367 0.30435 0.09747 0.01249 0.00582 0.00369 0.00251 0.00065 0.00012 
240	4	0.00000 0.00000 0.03970 0.13028 0.10576 0.08108 0.04652 0.15990 0.38737 0.02282 0.01147 0.00642 0.00392 0.00418 0.00055 0.00002 
241	4	0.00002 0.00040 0.00444 0.02501 0.03705 0.03812 0.03901 0.11823 0.14985 0.16006 0.13231 0.08824 0.07870 0.08975 0.03740 0.00140 
242	4	0.00002 0.00028 0.00156 0.00943 0.02112 0.02456 0.05109 0.16380 0.14945 0.18065 0.09425 0.07888 0.08453 0.09272 0.04445 0.00319 
243	4	0.00003 0.00007 0.00050 0.00150 0.00264 0.20094 0.09731 0.09692 0.08407 0.04427 0.08558 0.09619 0.14636 0.11272 0.02940 0.00150 
244	4	0.00002 0.00010 0.00020 0.00058 0.00125 0.24309 0.14671 0.04134 0.11646 0.08250 0.08655 0.10047 0.08615 0.07796 0.01556 0.00105 
245	4	0.00001 0.00046 0.00440 0.02162 0.04344 0.08756 0.12546 0.14045 0.12214 0.09339 0.08581 0.07311 0.07155 0.07744 0.05281 0.00034 
246	4	0.00001 0.00026 0.00333 0.03822 0.07452 0.05746 0.11862 0.18507 0.14379 0.08421 0.04313 0.06048 0.08259 0.07725 0.03061 0.00045 
247	4	0.00001 0.00016 0.00179 0.01244 0.02257 0.03389 0.06063 0.14427 0.27198 0.16108 0.12730 0.03687 0.03542 0.05762 0.03364 0.00031 
248	4	0.00001 0.00015 0.00082 0.00261 0.01211 0.04145 0.08760 0.17335 0.15226 0.06831 0.03279 0.04191 0.10591 0.19311 0.08719 0.00041 
249	4	0.00007 0.00067 0.00428 0.02199 0.34757 0.11542 0.03342 0.04453 0.09490 0.16381 0.05784 0.04234 0.02877 0.02832 0.01593 0.00015 
250	4	0.00014 0.00075 0.00289 0.02124 0.11325 0.09550 0.06357 0.07717 0.04268 0.01600 0.01056 0.01202 0.39747 0.04231 0.08309 0.02134 
251	4	0.00000 0.00003 0.00022 0.00245 0.04029 0.08079 0.06077 0.06537 0.07102 0.06503 0.19168 0.22214 0.14304 0.04322 0.01383 0.00010 
252	4	0.00002 0.00010 0.00477 0.07276 0.06696 0.00346 0.00143 0.00144 0.02186 0.33013 0.04472 0.12242 0.14574 0.13734 0.04652 0.00031 
253	4	0.00001 0.00007 0.00051 0.00175 0.26763 0.15055 0.02634 0.02843 0.06345 0.14250 0.09330 0.10539 0.09705 0.02137 0.00162 0.00002 
254	4	0.00000 0.00011 0.00052 0.03402 0.01544 0.00077 0.00106 0.00440 0.01122 0.40840 0.07135 0.11005 0.14548 0.14312 0.05347 0.00058 
255	4	0.00000 0.00001 0.00009 0.00354 0.09915 0.04596 0.00181 0.00300 0.00724 0.34227 0.09025 0.07320 0.14395 0.14072 0.04835 0.00047 
256	4	0.00001 0.00005 0.00025 0.00115 0.20194 0.23817 0.02721 0.02569 0.04770 0.10370 0.10965 0.09922 0.10469 0.03695 0.00348 0.00012 
257	4	0.00001 0.00020 0.00929 0.07885 0.09363 0.05967 0.04525 0.06465 0.05713 0.06982 0.16324 0.17488 0.05237 0.07434 0.05582 0.00085 
258	4	0.00001 0.00017 0.00103 0.00929 0.02997 0.03652 0.04288 0.07054 0.08240 0.08042 0.31792 0.20015 0.05622 0.05397 0.01818 0.00032 
259	4	0.00001 0.00006 0.00085 0.01137 0.03842 0.03902 0.04141 0.06299 0.06750 0.06462 0.24350 0.23760 0.09365 0.05767 0.03919 0.00214 
260	4	0.00004 0.00013 0.00072 0.00517 0.02404 0.02882 0.03230 0.05157 0.06594 0.07208 0.21495 0.26235 0.13297 0.05387 0.05181 0.00325 
261	4	0.00001 0.00042 0.02743 0.07824 0.10000 0.05315 0.03984 0.03937 0.03549 0.04669 0.42602 0.02977 0.03533 0.03847 0.04049 0.00927 
262	4	0.00003 0.00093 0.01005 0.03764 0.04287 0.03783 0.03777 0.05944 0.09274 0.09212 0.13580 0.35412 0.04204 0.03498 0.01874 0.00287 
263	4	0.00008 0.00076 0.00887 0.02926 0.05031 0.06868 0.08785 0.09740 0.08204 0.05555 0.08663 0.36041 0.04630 0.01652 0.00732 0.00199 
264	4	0.00002 0.00017 0.00298 0.01199 0.01566 0.00117 0.00068 0.00181 0.00827 0.47910 0.05752 0.10702 0.15351 0.11154 0.04797 0.00057 
265	4	0.00001 0.00003 0.00031 0.00122 0.26950 0.20969 0.02845 0.02185 0.07107 0.10370 0.08915 0.08262 0.09444 0.02587 0.00197 0.00010 
266	4	0.00001 0.00001 0.00010 0.00033 0.00136 0.28160 0.20194 0.01665 0.02118 0.10396 0.15928 0.08628 0.08725 0.03686 0.00305 0.00015 
267	4	0.00003 0.00010 0.00042 0.00157 0.21876 0.21566 0.02364 0.02204 0.07319 0.13755 0.07258 0.08515 0.09106 0.05032 0.00735 0.00057 
268	4	0.00000 0.00002 0.00020 0.00157 0.01772 0.15309 0.13665 0.06262 0.06982 0.07389 0.10725 0.17632 0.08227 0.07526 0.04258 0.00072 
269	4	0.00001 0.00007 0.00053 0.00416 0.07867 0.19045 0.09900 0.05267 0.07867 0.08955 0.13080 0.12692 0.05324 0.06366 0.03082 0.00077 
270	4	0.00002 0.00017 0.00137 0.02809 0.05087 0.05700 0.06920 0.11048 0.11080 0.14144 0.08504 0.07460 0.13169 0.08706 0.05027 0.00189 
271	4	0.00010 0.00131 0.01298 0.03381 0.04657 0.04665 0.06825 0.11014 0.11938 0.13793 0.09015 0.06750 0.12275 0.08763 0.05295 0.00189 
272	4	0.00005 0.00072 0.00799 0.02831 0.03897 0.04502 0.12005 0.11702 0.19305 0.13359 0.06377 0.07025 0.08294 0.07768 0.02034 0.00023 
273	4	0.00001 0.00007 0.00134 0.01717 0.05062 0.05052 0.05400 0.15101 0.12532 0.14662 0.10785 0.05926 0.11301 0.07871 0.04285 0.00164 
274	4	0.00001 0.00007 0.01730 0.26675 0.17697 0.04852 0.03649 0.03833 0.05325 0.06436 0.15986 0.03874 0.02700 0.02930 0.04039 0.00267 
275	4	0.00005 0.00014 0.00044 0.00706 0.05178 0.09008 0.03640 0.01847 0.03817 0.06001 0.10396 0.30960 0.13217 0.07336 0.07679 0.00153 
276	4	0.00002 0.00036 0.00095 0.01067 0.01075 0.00870 0.01714 0.01512 0.01527 0.01727 0.01960 0.04896 0.54037 0.26520 0.02959 0.00003 
277	4	0.00002 0.00007 0.00022 0.00090 0.06214 0.04612 0.01090 0.02805 0.05650 0.07867 0.34621 0.13295 0.07101 0.12482 0.04111 0.00028 
278	4	0.00001 0.00010 0.00041 0.00171 0.13537 0.01046 0.01846 0.04034 0.06884 0.21127 0.21738 0.06462 0.08177 0.12496 0.02423 0.00008 
279	4	0.00008 0.00025 0.00138 0.02043 0.31529 0.04150 0.00675 0.01052 0.01960 0.21409 0.20276 0.07447 0.04999 0.03502 0.00770 0.00017 
280	5	0.00001 0.00013 0.00101 0.00447 0.01838 0.04675 0.06401 0.06535 0.04680 0.05238 0.08320 0.12733 0.20973 0.17999 0.08279 0.01766 
281	5	0.00055 0.00411 0.02772 0.05986 0.13927 0.13442 0.11155 0.07762 0.07218 0.07179 0.09608 0.05755 0.04432 0.04471 0.05219 0.00605 
282	5	0.00004 0.00045 0.00274 0.01082 0.02592 0.04848 0.09838 0.12329 0.10785 0.08571 0.07236 0.09063 0.10228 0.10088 0.10233 0.02784 
283	5	0.00000 0.00074 0.01119 0.00968 0.01242 0.01206 0.02662 0.04467 0.07799 0.07120 0.10842 0.14062 0.21923 0.16457 0.09963 0.00095 
284	5	0.00003 0.00102 0.01361 0.01484 0.02244 0.03929 0.03554 0.04597 0.05319 0.07398 0.10165 0.12414 0.15777 0.16746 0.14252 0.00652 
285	5	0.00005 0.00110 0.00800 0.01960 0.01761 0.02010 0.02091 0.02606 0.02512 0.02394 0.13767 0.18082 0.10418 0.16146 0.24660 0.00677 
286	5	0.00010 0.00313 0.01922 0.06121 0.11593 0.12685 0.11236 0.06073 0.03662 0.02906 0.02101 0.01991 0.02897 0.11972 0.23235 0.01283 
287	5	0.00002 0.00055 0.00379 0.01121 0.02428 0.03929 0.08570 0.10511 0.10306 0.12772 0.13852 0.11924 0.09667 0.07154 0.05910 0.01420 
288	5	0.00014 0.00065 0.00140 0.00364 0.00772 0.01505 0.02671 0.04611 0.08287 0.11206 0.15335 0.19938 0.18412 0.10442 0.05372 0.00865 
289	5	0.00006 0.00089 0.00169 0.00426 0.01004 0.01005 0.00653 0.00545 0.02170 0.04659 0.12125 0.11995 0.18385 0.23269 0.21262 0.02238 
290	5	0.00010 0.00096 0.00233 0.00532 0.01120 0.00857 0.00558 0.00675 0.02469 0.07249 0.11668 0.13442 0.18895 0.27059 0.13386 0.01752 
291	5	0.00005 0.00045 0.00232 0.00423 0.01634 0.04752 0.09964 0.12338 0.14048 0.12165 0.11463 0.11335 0.10265 0.06968 0.03728 0.00634 
292	5	0.00001 0.00018 0.00160 0.00435 0.00946 0.02241 0.03375 0.03252 0.04488 0.06155 0.07481 0.08238 0.14337 0.21475 0.20089 0.07308 
293	5	0.00006 0.00170 0.00517 0.01125 0.02474 0.06210 0.15505 0.15430 0.11522 0.11046 0.09222 0.08850 0.07771 0.06250 0.03519 0.00382 
294	5	0.00005 0.00195 0.01418 0.03091 0.06187 0.09525 0.09072 0.09888 0.10780 0.10821 0.11230 0.10139 0.07807 0.06727 0.02972 0.00143 
295	5	0.00014 0.00192 0.00649 0.01646 0.04061 0.07481 0.12328 0.13320 0.12403 0.14388 0.10324 0.07543 0.06871 0.06382 0.02049 0.00347 
296	5	0.00002 0.00015 0.00045 0.00122 0.00419 0.00870 0.01624 0.02615 0.03890 0.08686 0.19010 0.25107 0.16730 0.10992 0.07463 0.02408 
