350	5	16
0	1	0.00000 0.00033 0.00190 0.00614 0.01050 0.01530 0.01624 0.02437 0.07742 0.09155 0.09169 0.09912 0.37848 0.13112 0.05102 0.00480 
1	1	0.00005 0.00062 0.00287 0.00797 0.00940 0.00680 0.00857 0.01038 0.01346 0.01777 0.02116 0.02679 0.14450 0.49056 0.17450 0.06459 
2	1	0.00002 0.00087 0.00372 0.01082 0.02056 0.02264 0.02361 0.02575 0.03136 0.08761 0.13835 0.11965 0.26520 0.14656 0.09193 0.01134 
3	1	0.00000 0.00032 0.00459 0.03505 0.03230 0.03162 0.03233 0.03939 0.03840 0.04436 0.16650 0.14219 0.13788 0.18331 0.08435 0.02739 
4	1	0.00000 0.00000 0.00057 0.00509 0.03927 0.11137 0.05300 0.03152 0.03200 0.03875 0.05931 0.08852 0.08767 0.30791 0.13890 0.00609 
5	1	0.00000 0.00017 0.00121 0.00513 0.02063 0.02749 0.02546 0.02537 0.03301 0.04106 0.04001 0.04948 0.07679 0.36460 0.28057 0.00900 
6	1	0.00000 0.00017 0.00139 0.00671 0.02604 0.02802 0.02425 0.02524 0.03319 0.03393 0.04142 0.05166 0.10952 0.27029 0.33948 0.00867 
7	1	0.00007 0.00115 0.00818 0.02389 0.03924 0.04393 0.04580 0.03727 0.03700 0.04164 0.04847 0.05297 0.21828 0.30067 0.09600 0.00543 
8	1	0.00000 0.00003 0.00104 0.00456 0.01535 0.02702 0.03860 0.05992 0.12567 0.19167 0.12384 0.10355 0.15247 0.12314 0.02815 0.00500 
9	1	0.00000 0.00030 0.00268 0.01612 0.03717 0.03282 0.03202 0.03887 0.04772 0.05085 0.05787 0.07532 0.22980 0.27342 0.06525 0.03977 
10	1	0.00001 0.00039 0.00302 0.00456 0.00529 0.00773 0.01678 0.02930 0.05860 0.07206 0.09058 0.15211 0.17555 0.20769 0.17078 0.00556 
11	1	0.00001 0.00109 0.00626 0.02382 0.03090 0.02761 0.03103 0.03863 0.04670 0.04837 0.05433 0.19231 0.26727 0.16356 0.03769 0.03040 
12	1	0.00000 0.00049 0.00256 0.01299 0.02532 0.02381 0.02606 0.03344 0.04026 0.04490 0.05625 0.15547 0.26387 0.16707 0.12335 0.02414 
13	1	0.00001 0.00003 0.00086 0.00489 0.00882 0.01144 0.01060 0.01417 0.02471 0.09476 0.19320 0.17150 0.16122 0.11559 0.09286 0.09536 
14	1	0.00262 0.00766 0.02391 0.01732 0.02144 0.08427 0.11998 0.13685 0.14623 0.15592 0.12602 0.08733 0.03667 0.01496 0.00902 0.00978 
15	1	0.00002 0.00032 0.00451 0.01334 0.02936 0.03404 0.04218 0.04805 0.04126 0.04231 0.07540 0.02107 0.01699 0.15017 0.47928 0.00168 
16	1	0.00000 0.00002 0.00023 0.00208 0.00534 0.00930 0.01358 0.02064 0.05080 0.15501 0.04705 0.01239 0.08850 0.32285 0.26910 0.00311 
17	1	0.00001 0.00012 0.00285 0.01635 0.02800 0.03175 0.03676 0.03466 0.03090 0.05173 0.06697 0.01198 0.01161 0.03882 0.63660 0.00086 
18	1	0.00012 0.00267 0.01357 0.02266 0.02852 0.03468 0.03727 0.03631 0.03299 0.09201 0.07754 0.01362 0.01312 0.12819 0.46607 0.00065 
19	1	0.00002 0.00031 0.00105 0.00281 0.00565 0.01098 0.02659 0.04450 0.06377 0.07328 0.10094 0.07986 0.24571 0.13712 0.18382 0.02360 
20	1	0.00003 0.00026 0.00126 0.00667 0.01058 0.02431 0.04962 0.07351 0.10387 0.10960 0.11663 0.07645 0.05538 0.05214 0.26735 0.05230 
21	1	0.00001 0.00040 0.00532 0.03482 0.04918 0.03258 0.04260 0.04944 0.05542 0.06286 0.07353 0.09509 0.26989 0.14824 0.07980 0.00082 
22	1	0.00001 0.00002 0.00007 0.00086 0.00416 0.00740 0.01064 0.02017 0.03063 0.04278 0.06133 0.07570 0.13231 0.33344 0.27675 0.00373 
23	1	0.00000 0.00005 0.00037 0.00365 0.00856 0.01152 0.01751 0.02840 0.05440 0.07051 0.04596 0.03600 0.27107 0.16390 0.28112 0.00698 
24	1	0.00000 0.00010 0.00060 0.00529 0.01051 0.01051 0.02016 0.04210 0.05470 0.03961 0.02677 0.28666 0.17739 0.23023 0.08878 0.00657 
25	1	0.01345 0.00715 0.01922 0.01847 0.02050 0.02210 0.02477 0.02945 0.03414 0.03645 0.04916 0.16952 0.14852 0.17399 0.14712 0.08599 
26	1	0.00001 0.00026 0.00175 0.00671 0.00810 0.01177 0.01962 0.04007 0.06284 0.07853 0.12191 0.15464 0.22678 0.19461 0.07211 0.00027 
27	1	0.00008 0.00142 0.01036 0.01994 0.03228 0.03098 0.03260 0.03680 0.04142 0.08373 0.09454 0.19344 0.13472 0.12800 0.10087 0.05881 
28	1	0.00005 0.00030 0.00082 0.00380 0.00767 0.01031 0.01377 0.01778 0.02220 0.03000 0.05597 0.09652 0.45900 0.21925 0.06213 0.00043 
29	1	0.00002 0.00025 0.00081 0.00240 0.00549 0.00865 0.01098 0.01355 0.01945 0.03299 0.07787 0.11039 0.46747 0.18214 0.06715 0.00039 
30	1	0.00001 0.00007 0.00048 0.00234 0.00712 0.01139 0.01704 0.01862 0.01738 0.02497 0.03966 0.07541 0.08443 0.24907 0.45192 0.00010 
31	1	0.00001 0.00003 0.00025 0.00212 0.00526 0.00765 0.01353 0.01442 0.01399 0.01846 0.03341 0.06545 0.07752 0.17682 0.52911 0.04195 
32	1	0.00001 0.00007 0.00065 0.00257 0.00945 0.01811 0.01825 0.01983 0.04525 0.05955 0.04507 0.02391 0.08618 0.46074 0.20992 0.00041 
33	1	0.00002 0.00034 0.00361 0.01561 0.03835 0.05250 0.08117 0.10768 0.11811 0.09474 0.07265 0.07634 0.11152 0.14588 0.07815 0.00332 
34	1	0.00001 0.00024 0.00078 0.00287 0.01454 0.03057 0.04537 0.05060 0.05863 0.05462 0.07971 0.17979 0.26757 0.16378 0.05080 0.00012 
35	1	0.00002 0.00021 0.00132 0.00371 0.00828 0.00696 0.00958 0.01495 0.02474 0.03544 0.05631 0.17866 0.31212 0.11831 0.22609 0.00330 
36	1	0.00003 0.00027 0.00128 0.00432 0.00741 0.00728 0.00932 0.01478 0.02301 0.02855 0.04627 0.18445 0.28952 0.06918 0.31324 0.00108 
37	1	0.00021 0.00408 0.04632 0.10397 0.04270 0.02828 0.03600 0.10045 0.10705 0.02488 0.01642 0.02078 0.16193 0.23579 0.05135 0.01979 
38	1	0.00008 0.00023 0.00246 0.00870 0.02329 0.01980 0.02376 0.03382 0.04386 0.05412 0.07045 0.12240 0.31375 0.20024 0.07986 0.00317 
39	1	0.00002 0.00025 0.00161 0.01405 0.03886 0.04285 0.04539 0.06995 0.09187 0.10324 0.12912 0.13306 0.18172 0.12389 0.02274 0.00138 
40	1	0.00000 0.00000 0.00004 0.00087 0.00582 0.01406 0.01537 0.02444 0.04207 0.07024 0.11461 0.16759 0.23523 0.22142 0.07732 0.01091 
41	1	0.00001 0.00005 0.00027 0.00121 0.00499 0.00765 0.01191 0.02932 0.06409 0.09172 0.11540 0.12097 0.15075 0.30502 0.09481 0.00184 
42	1	0.00001 0.00014 0.00041 0.00134 0.00280 0.00852 0.03033 0.04308 0.06058 0.05269 0.11733 0.21715 0.24446 0.14968 0.07130 0.00017 
43	1	0.00002 0.00049 0.00405 0.01407 0.01501 0.01161 0.01108 0.01358 0.01846 0.02442 0.03029 0.07178 0.26926 0.32422 0.13804 0.05362 
44	1	0.00002 0.00033 0.00121 0.00406 0.00457 0.00417 0.00483 0.00604 0.00732 0.01208 0.02147 0.14041 0.43940 0.21452 0.10790 0.03167 
45	1	0.00002 0.00068 0.00731 0.04718 0.11973 0.09409 0.04881 0.03127 0.03288 0.03883 0.05194 0.08489 0.06124 0.25446 0.12332 0.00335 
46	1	0.00001 0.00025 0.00186 0.00894 0.01727 0.02165 0.02394 0.02660 0.02428 0.05128 0.16927 0.10297 0.13535 0.38175 0.02875 0.00583 
47	1	0.00001 0.00012 0.00103 0.00353 0.01105 0.01341 0.01602 0.01729 0.01849 0.07102 0.17380 0.17124 0.13708 0.30150 0.05399 0.01043 
48	1	0.00004 0.00095 0.00788 0.01762 0.03185 0.02892 0.03102 0.03589 0.04130 0.06070 0.10769 0.19418 0.13037 0.12536 0.11548 0.07073 
49	1	0.00005 0.00023 0.00135 0.00453 0.00732 0.00907 0.01052 0.01205 0.01827 0.09307 0.15772 0.19172 0.31012 0.10437 0.05964 0.01998 
50	1	0.00001 0.00013 0.00096 0.00312 0.00620 0.00880 0.01254 0.01539 0.01850 0.03951 0.18572 0.20690 0.25668 0.18260 0.04887 0.01404 
51	1	0.00003 0.00085 0.00313 0.00824 0.01811 0.01543 0.01713 0.02304 0.03598 0.02982 0.03252 0.04454 0.16149 0.21260 0.38626 0.01083 
52	1	0.00004 0.00068 0.00362 0.00872 0.01999 0.01686 0.01681 0.01948 0.02141 0.02634 0.03062 0.05561 0.31925 0.26863 0.18982 0.00210 
53	1	0.00014 0.00289 0.01152 0.01090 0.01127 0.01660 0.01620 0.01564 0.02065 0.02936 0.03788 0.13167 0.28212 0.28263 0.11287 0.01765 
54	1	0.00005 0.00123 0.00404 0.01224 0.00794 0.01248 0.01237 0.01177 0.01177 0.01506 0.02257 0.03205 0.12791 0.57362 0.15007 0.00482 
55	1	0.00002 0.00038 0.00465 0.02799 0.01623 0.00527 0.00360 0.00382 0.00394 0.00435 0.02870 0.06436 0.57457 0.20557 0.05636 0.00017 
56	1	0.00001 0.00018 0.00366 0.02126 0.02078 0.00707 0.00390 0.00365 0.00353 0.00424 0.00433 0.00647 0.37830 0.40030 0.13521 0.00711 
57	1	0.00001 0.00015 0.00181 0.00476 0.01000 0.01507 0.02691 0.06813 0.14394 0.05081 0.00502 0.00637 0.22432 0.25616 0.18283 0.00371 
58	1	0.00002 0.00036 0.00350 0.01210 0.01699 0.02637 0.03280 0.04568 0.13658 0.10927 0.00960 0.00682 0.06097 0.27903 0.25034 0.00955 
59	1	0.00009 0.00332 0.01942 0.02576 0.02680 0.02553 0.02831 0.03586 0.06503 0.07473 0.12055 0.11070 0.19722 0.15159 0.08650 0.02857 
60	1	0.00001 0.00013 0.00300 0.01194 0.02898 0.03870 0.03617 0.03783 0.06524 0.14749 0.07866 0.01207 0.01085 0.06940 0.45898 0.00055 
61	1	0.00006 0.00045 0.00253 0.01426 0.01566 0.02531 0.03118 0.03978 0.13660 0.11296 0.01063 0.00817 0.01489 0.28893 0.29786 0.00073 
62	1	0.00002 0.00013 0.00035 0.00105 0.00260 0.00586 0.02082 0.14318 0.15254 0.18929 0.11584 0.09704 0.11858 0.09882 0.05292 0.00096 
63	1	0.00001 0.00020 0.00085 0.00192 0.00360 0.00599 0.01632 0.05913 0.10572 0.19974 0.12969 0.11158 0.15728 0.12587 0.08095 0.00114 
64	1	0.00005 0.00050 0.00689 0.03317 0.09021 0.22493 0.16975 0.06250 0.02514 0.01443 0.01395 0.01315 0.01438 0.29160 0.03918 0.00016 
65	1	0.00012 0.00559 0.03470 0.08785 0.23267 0.11286 0.03091 0.00944 0.00945 0.00785 0.00989 0.02450 0.27692 0.13773 0.01894 0.00057 
66	1	0.00002 0.00071 0.00647 0.06099 0.17244 0.08230 0.02533 0.01068 0.00910 0.00919 0.01867 0.22056 0.32605 0.03918 0.01791 0.00039 
67	1	0.00003 0.00107 0.01527 0.04443 0.06166 0.12516 0.11622 0.08284 0.07146 0.03821 0.01634 0.01324 0.01452 0.05603 0.34288 0.00062 
68	1	0.00001 0.00009 0.00085 0.00525 0.02123 0.03664 0.03827 0.03856 0.04099 0.04433 0.08122 0.25593 0.12147 0.17725 0.11556 0.02235 
69	1	0.00000 0.00015 0.00125 0.00620 0.02030 0.02343 0.02662 0.02820 0.03390 0.05092 0.16881 0.11613 0.11090 0.27472 0.12684 0.01162 
70	2	0.00070 0.00688 0.04001 0.06059 0.06095 0.04574 0.04320 0.10032 0.16716 0.18923 0.08062 0.05520 0.06686 0.05607 0.02087 0.00559 
71	2	0.00092 0.00862 0.06419 0.08536 0.07008 0.04715 0.03073 0.04158 0.10650 0.22948 0.10921 0.05382 0.05954 0.05707 0.02921 0.00653 
72	2	0.00059 0.00631 0.05009 0.06538 0.06526 0.04913 0.04491 0.08389 0.18607 0.14829 0.06747 0.05142 0.08325 0.07496 0.01984 0.00314 
73	2	0.00292 0.01872 0.06544 0.05925 0.05595 0.04560 0.12683 0.17226 0.10637 0.06931 0.05842 0.06399 0.07009 0.06280 0.01630 0.00574 
74	2	0.00293 0.01979 0.06826 0.08358 0.05845 0.03680 0.04168 0.09642 0.17006 0.11797 0.05695 0.04670 0.06428 0.10676 0.02838 0.00099 
75	2	0.00025 0.00140 0.00136 0.00226 0.00556 0.01323 0.02759 0.07502 0.18758 0.29505 0.31617 0.05221 0.01067 0.00486 0.00530 0.00149 
76	2	0.00000 0.00010 0.00046 0.00181 0.00512 0.00981 0.02032 0.04205 0.09972 0.19407 0.23048 0.22777 0.09345 0.05214 0.01804 0.00465 
77	2	0.00017 0.00084 0.00252 0.00727 0.02080 0.03112 0.09001 0.17880 0.23746 0.24829 0.07137 0.03790 0.03302 0.03397 0.00483 0.00162 
78	2	0.00019 0.00785 0.02357 0.03502 0.03042 0.03687 0.06256 0.03814 0.02688 0.03407 0.07608 0.41671 0.12583 0.03736 0.04481 0.00363 
79	2	0.00011 0.00257 0.01889 0.03242 0.03147 0.04266 0.03953 0.03691 0.03572 0.06505 0.12844 0.43300 0.07789 0.02887 0.02293 0.00352 
80	2	0.00005 0.00070 0.00493 0.02082 0.05130 0.08070 0.08145 0.06425 0.06122 0.06580 0.05667 0.45580 0.02702 0.01642 0.00922 0.00365 
81	2	0.00001 0.00076 0.00357 0.00689 0.01000 0.01157 0.01242 0.01583 0.02770 0.03447 0.07515 0.15717 0.30644 0.20189 0.12280 0.01333 
82	2	0.00731 0.01638 0.03607 0.03820 0.05442 0.07257 0.16351 0.23762 0.06666 0.05637 0.06594 0.02445 0.02270 0.04357 0.09159 0.00263 
83	2	0.00010 0.00354 0.01733 0.03522 0.05104 0.08346 0.13313 0.23992 0.04704 0.04537 0.04476 0.04502 0.05246 0.11149 0.08990 0.00022 
84	2	0.00002 0.00024 0.00562 0.01352 0.05639 0.10979 0.25362 0.36218 0.06182 0.01570 0.01615 0.01066 0.02101 0.03005 0.03943 0.00380 
85	2	0.00008 0.00279 0.00919 0.03077 0.07700 0.12652 0.17817 0.26058 0.07805 0.03884 0.04180 0.02739 0.02537 0.04074 0.05983 0.00287 
86	2	0.00088 0.01565 0.02443 0.03729 0.04782 0.04541 0.08756 0.18261 0.22430 0.06870 0.05607 0.05449 0.05377 0.06428 0.03617 0.00057 
87	2	0.00006 0.00419 0.02122 0.06109 0.05457 0.07829 0.09292 0.19950 0.15138 0.06535 0.05183 0.04421 0.06511 0.08312 0.02703 0.00011 
88	2	0.00016 0.00296 0.01383 0.04743 0.05175 0.08615 0.10006 0.20390 0.18523 0.06317 0.05495 0.04755 0.04891 0.06650 0.02719 0.00026 
89	2	0.00086 0.01160 0.08122 0.12137 0.07317 0.03913 0.02274 0.01430 0.05252 0.12243 0.26840 0.14783 0.02115 0.01187 0.01112 0.00029 
90	2	0.00038 0.00729 0.01478 0.02596 0.03718 0.05116 0.04004 0.04250 0.12180 0.18875 0.34984 0.05371 0.03223 0.01707 0.01438 0.00292 
91	2	0.00004 0.00021 0.00061 0.00103 0.00205 0.00365 0.00619 0.00865 0.01388 0.02227 0.18282 0.71006 0.02562 0.01478 0.00633 0.00180 
92	2	0.00003 0.00050 0.00627 0.02072 0.04538 0.04217 0.03633 0.09577 0.25623 0.12005 0.12089 0.09630 0.09291 0.05677 0.00901 0.00069 
93	2	0.00000 0.00001 0.00061 0.00630 0.02972 0.08818 0.14856 0.11111 0.10347 0.14250 0.17210 0.11513 0.07137 0.00855 0.00222 0.00016 
94	2	0.00002 0.00030 0.00633 0.02911 0.09135 0.10672 0.08312 0.09175 0.13927 0.12126 0.12570 0.11722 0.06790 0.01812 0.00180 0.00001 
95	2	0.00000 0.00007 0.00104 0.00718 0.03207 0.09117 0.08847 0.10985 0.10413 0.15920 0.25392 0.11342 0.03236 0.00584 0.00094 0.00032 
96	2	0.00001 0.00016 0.00265 0.02680 0.11917 0.04994 0.06825 0.07768 0.09216 0.11057 0.12409 0.14198 0.12528 0.05768 0.00355 0.00003 
97	2	0.00000 0.00003 0.00047 0.00238 0.01040 0.16157 0.11491 0.08799 0.12061 0.22137 0.11524 0.08102 0.05557 0.02347 0.00466 0.00030 
98	2	0.00001 0.00008 0.00080 0.00375 0.11677 0.08479 0.04705 0.06660 0.14618 0.10545 0.09711 0.20291 0.10410 0.02254 0.00164 0.00020 
99	2	0.00001 0.00017 0.00090 0.00101 0.00111 0.00421 0.29040 0.09199 0.05647 0.08772 0.16985 0.15573 0.09547 0.03768 0.00704 0.00022 
100	2	0.00001 0.00072 0.00091 0.00129 0.05970 0.17426 0.01433 0.02132 0.10693 0.20012 0.13663 0.12548 0.13242 0.02327 0.00255 0.00003 
101	2	0.00001 0.00030 0.00089 0.00112 0.00104 0.11810 0.11118 0.01431 0.02316 0.15470 0.24070 0.11485 0.10674 0.09550 0.01719 0.00020 
102	2	0.00005 0.00054 0.00327 0.01019 0.02566 0.04246 0.05558 0.05933 0.07867 0.25195 0.34566 0.05995 0.03619 0.01885 0.00877 0.00289 
103	2	0.00004 0.00241 0.00948 0.02001 0.04682 0.07008 0.14501 0.14306 0.11165 0.12982 0.13816 0.11837 0.05541 0.00938 0.00027 0.00001 
104	2	0.00002 0.00098 0.01622 0.03154 0.04132 0.15543 0.15062 0.10248 0.11174 0.14467 0.17237 0.06203 0.00915 0.00135 0.00006 0.00001 
105	2	0.00005 0.02652 0.19522 0.06167 0.06322 0.08081 0.10244 0.10946 0.07708 0.07289 0.05922 0.06689 0.05589 0.02468 0.00367 0.00026 
106	2	0.00002 0.00223 0.01809 0.05030 0.08339 0.11132 0.18225 0.16970 0.08156 0.06804 0.09702 0.08891 0.03350 0.01062 0.00261 0.00045 
107	2	0.00001 0.00012 0.00138 0.01301 0.04252 0.08076 0.10092 0.10165 0.10110 0.14967 0.21852 0.15033 0.03880 0.00116 0.00005 0.00001 
108	2	0.00002 0.00003 0.06562 0.12736 0.05311 0.04189 0.05554 0.08570 0.16151 0.11583 0.08757 0.08676 0.08287 0.02976 0.00630 0.00013 
109	2	0.00001 0.00049 0.08904 0.19280 0.05441 0.03616 0.04534 0.05560 0.08575 0.09015 0.09370 0.13044 0.09236 0.02822 0.00535 0.00017 
110	2	0.00008 0.00067 0.00174 0.00159 0.00190 0.00690 0.15885 0.06315 0.08395 0.17400 0.12456 0.18888 0.13693 0.05020 0.00657 0.00002 
111	2	0.00005 0.00032 0.01414 0.00365 0.00600 0.01935 0.04747 0.09681 0.11219 0.13730 0.19604 0.19640 0.11927 0.04158 0.00652 0.00291 
112	2	0.00003 0.00061 0.00377 0.01805 0.02970 0.04270 0.04660 0.06988 0.29632 0.11658 0.15695 0.07807 0.07587 0.05543 0.00915 0.00027 
113	2	0.00001 0.00032 0.00207 0.00677 0.01645 0.03116 0.04567 0.05920 0.07695 0.56281 0.08875 0.05473 0.02762 0.01750 0.00751 0.00245 
114	2	0.00006 0.00103 0.00586 0.01498 0.04383 0.08632 0.09458 0.09203 0.08862 0.15392 0.28369 0.06487 0.03664 0.01940 0.01055 0.00360 
115	2	0.00003 0.00042 0.00447 0.02907 0.06504 0.12207 0.13565 0.09955 0.08841 0.15108 0.20204 0.04947 0.02846 0.01479 0.00712 0.00232 
116	2	0.00086 0.00496 0.01728 0.01714 0.01946 0.03525 0.07465 0.13920 0.16257 0.12730 0.09679 0.22265 0.05474 0.01830 0.00694 0.00189 
117	2	0.00071 0.00908 0.01229 0.02772 0.04134 0.05794 0.03784 0.03119 0.05316 0.14510 0.18592 0.21749 0.08686 0.05479 0.03640 0.00216 
118	2	0.00001 0.00010 0.00014 0.00027 0.00044 0.00088 0.00503 0.03010 0.11808 0.16765 0.19447 0.19805 0.17055 0.10887 0.00479 0.00058 
119	2	0.00001 0.00003 0.00278 0.02967 0.07234 0.10182 0.02706 0.01407 0.06597 0.03481 0.16972 0.32705 0.08983 0.05079 0.01350 0.00053 
120	2	0.00002 0.00012 0.00247 0.01645 0.04779 0.04494 0.03288 0.02585 0.02538 0.29104 0.36074 0.07359 0.04658 0.02732 0.00468 0.00014 
121	2	0.00002 0.00052 0.00576 0.02050 0.02695 0.03026 0.02486 0.02726 0.05113 0.20038 0.44670 0.09409 0.03935 0.02457 0.00740 0.00023 
122	2	0.00001 0.00014 0.00598 0.02390 0.01297 0.02131 0.06024 0.14728 0.18501 0.11450 0.05134 0.03758 0.26643 0.05187 0.01967 0.00177 
123	2	0.00003 0.00019 0.00102 0.00162 0.00373 0.00692 0.01180 0.01772 0.02737 0.09446 0.76612 0.03682 0.01833 0.00888 0.00382 0.00116 
124	2	0.00000 0.00001 0.00016 0.00271 0.01735 0.02400 0.07860 0.21230 0.16687 0.08733 0.05937 0.06038 0.20214 0.06288 0.02342 0.00246 
125	2	0.00002 0.00247 0.03807 0.01343 0.01269 0.09065 0.23472 0.19035 0.11479 0.05739 0.04711 0.05202 0.06237 0.06401 0.01816 0.00173 
126	2	0.00003 0.00005 0.00039 0.00096 0.00520 0.02616 0.07152 0.09997 0.11023 0.09828 0.09894 0.22787 0.19727 0.04317 0.01554 0.00442 
127	2	0.00002 0.00025 0.00201 0.00925 0.03795 0.07349 0.08807 0.08110 0.09130 0.16874 0.30206 0.08186 0.03696 0.01747 0.00756 0.00190 
128	2	0.00002 0.00005 0.00024 0.00033 0.00077 0.00830 0.05830 0.07984 0.03472 0.02591 0.10395 0.26355 0.39828 0.02135 0.00343 0.00095 
129	2	0.00001 0.00001 0.00018 0.00039 0.00185 0.01273 0.06653 0.11837 0.04896 0.02375 0.08270 0.21871 0.38192 0.03650 0.00521 0.00216 
130	2	0.00001 0.00001 0.00013 0.00191 0.01080 0.05041 0.06334 0.03727 0.02608 0.02464 0.06401 0.50462 0.19920 0.01361 0.00330 0.00067 
131	2	0.00002 0.00012 0.00147 0.00657 0.01753 0.04139 0.05757 0.07524 0.07213 0.12635 0.19477 0.23516 0.10563 0.04554 0.01632 0.00417 
132	2	0.00007 0.00020 0.00117 0.00161 0.00318 0.02245 0.07084 0.06615 0.08094 0.10000 0.08820 0.08806 0.24154 0.18707 0.03963 0.00888 
133	2	0.00002 0.00016 0.00178 0.01438 0.05293 0.08865 0.07564 0.08820 0.09695 0.12357 0.26924 0.09573 0.05230 0.02534 0.01180 0.00331 
134	2	0.00002 0.00055 0.01298 0.04745 0.05695 0.04746 0.03430 0.02973 0.04989 0.08162 0.21763 0.35400 0.05302 0.00962 0.00366 0.00112 
135	2	0.00087 0.02126 0.02522 0.02457 0.05050 0.10238 0.21016 0.18056 0.12998 0.08557 0.05269 0.04540 0.03754 0.02127 0.01003 0.00200 
136	2	0.00065 0.02069 0.02687 0.02533 0.05774 0.10079 0.08587 0.14702 0.17640 0.10103 0.07650 0.04847 0.04139 0.03411 0.05475 0.00239 
137	2	0.00003 0.00026 0.00630 0.02523 0.08025 0.10401 0.06620 0.04852 0.04173 0.06621 0.28050 0.24880 0.01730 0.00903 0.00430 0.00130 
138	2	0.00277 0.03593 0.07106 0.02780 0.02372 0.03972 0.08841 0.13100 0.11410 0.08745 0.07119 0.08820 0.18376 0.02558 0.00794 0.00137 
139	2	0.00192 0.02130 0.07741 0.03477 0.02953 0.03422 0.07093 0.13276 0.14686 0.12411 0.10121 0.08796 0.07527 0.04572 0.01294 0.00307 
140	3	0.00001 0.00006 0.00449 0.03789 0.10687 0.13903 0.10390 0.10564 0.10827 0.07233 0.06902 0.06778 0.07977 0.05924 0.03583 0.00985 
141	3	0.00038 0.00554 0.02721 0.05943 0.04809 0.05945 0.07609 0.09095 0.12000 0.09735 0.08852 0.08473 0.07944 0.06291 0.07054 0.02936 
142	3	0.00001 0.00002 0.00210 0.06915 0.20200 0.13005 0.10775 0.07741 0.05773 0.05752 0.07777 0.06907 0.05383 0.05092 0.03448 0.01018 
143	3	0.00039 0.00136 0.05092 0.04603 0.04931 0.07653 0.09347 0.09445 0.09740 0.11370 0.11288 0.09431 0.08128 0.06570 0.01958 0.00267 
144	3	0.00016 0.00089 0.01464 0.06028 0.11735 0.09361 0.06979 0.07325 0.07918 0.08874 0.09708 0.09750 0.08842 0.08200 0.03381 0.00329 
145	3	0.00000 0.00005 0.00111 0.00956 0.02525 0.03968 0.06733 0.08388 0.11302 0.16168 0.15665 0.14572 0.11807 0.06345 0.01221 0.00234 
146	3	0.00004 0.00079 0.00579 0.02765 0.04968 0.05461 0.06307 0.08357 0.10281 0.11251 0.12709 0.12912 0.08995 0.10820 0.04198 0.00314 
147	3	0.00002 0.00013 0.00331 0.02917 0.08080 0.07809 0.09983 0.10068 0.10725 0.10377 0.09769 0.07851 0.07990 0.06991 0.04965 0.02127 
148	3	0.00002 0.00019 0.00377 0.02658 0.07577 0.09477 0.07439 0.06536 0.05764 0.07651 0.10155 0.10765 0.09268 0.09590 0.08445 0.04276 
149	3	0.00001 0.00015 0.00282 0.01376 0.02778 0.03736 0.05326 0.08251 0.10485 0.06818 0.05467 0.05500 0.07722 0.11566 0.22316 0.08360 
150	3	0.00235 0.00727 0.02127 0.02222 0.03147 0.04107 0.05151 0.04879 0.05762 0.05349 0.06067 0.06183 0.08391 0.18543 0.20662 0.06447 
151	3	0.00152 0.00578 0.01615 0.01591 0.02988 0.03936 0.04667 0.05400 0.05760 0.05278 0.06157 0.06614 0.08292 0.16357 0.22978 0.07637 
152	3	0.00015 0.00122 0.00427 0.00518 0.01291 0.04193 0.08956 0.10250 0.09946 0.06453 0.06697 0.06003 0.06753 0.09943 0.17920 0.10513 
153	3	0.00005 0.00024 0.00608 0.08416 0.18644 0.03957 0.04112 0.06107 0.08403 0.09255 0.10053 0.08706 0.07192 0.05931 0.05404 0.03183 
154	3	0.00000 0.00243 0.01367 0.02344 0.04845 0.07834 0.08789 0.10019 0.11415 0.10653 0.10065 0.09475 0.07177 0.06667 0.05588 0.03518 
155	3	0.00018 0.06372 0.07370 0.07379 0.05953 0.04549 0.03750 0.04749 0.07271 0.08940 0.12587 0.13507 0.10579 0.04990 0.01692 0.00293 
156	3	0.00000 0.00039 0.00502 0.22601 0.11645 0.05959 0.06475 0.03931 0.05451 0.09389 0.07600 0.08062 0.09276 0.06661 0.02177 0.00232 
157	3	0.02243 0.12050 0.08315 0.07312 0.07632 0.04207 0.02385 0.01760 0.01254 0.02290 0.09255 0.17095 0.14311 0.06727 0.02795 0.00369 
158	3	0.00034 0.00031 0.00137 0.00730 0.05901 0.07180 0.04187 0.02310 0.07844 0.16673 0.28224 0.18540 0.06349 0.01618 0.00231 0.00010 
159	3	0.00188 0.00306 0.00182 0.00677 0.19197 0.12677 0.03379 0.02673 0.10170 0.15460 0.17252 0.10104 0.04444 0.02223 0.01006 0.00060 
160	3	0.00017 0.04649 0.03540 0.01122 0.00446 0.00242 0.00843 0.05388 0.27754 0.33670 0.13985 0.04867 0.02267 0.00815 0.00358 0.00035 
161	3	0.00000 0.00068 0.01922 0.00517 0.50940 0.21364 0.03964 0.08974 0.03533 0.02817 0.02385 0.01639 0.01155 0.00518 0.00175 0.00027 
162	3	0.00600 0.04761 0.02596 0.01366 0.01283 0.00942 0.01801 0.02993 0.05319 0.09504 0.21737 0.29266 0.14994 0.02527 0.00306 0.00006 
163	3	0.00069 0.00240 0.00309 0.00143 0.25950 0.12761 0.09065 0.05979 0.04285 0.08870 0.13260 0.10734 0.05447 0.02047 0.00693 0.00145 
164	3	0.00042 0.21397 0.10367 0.07165 0.06623 0.03668 0.02517 0.03833 0.07780 0.09952 0.11263 0.08251 0.04006 0.01985 0.00987 0.00162 
165	3	0.00007 0.01103 0.08682 0.13914 0.15982 0.09030 0.05739 0.04417 0.04728 0.07825 0.08251 0.04505 0.02882 0.03519 0.07688 0.01728 
166	3	0.00001 0.00004 0.00045 0.00960 0.25432 0.12961 0.26000 0.09256 0.03382 0.02428 0.02361 0.03409 0.04881 0.06106 0.02714 0.00060 
167	3	0.00000 0.00009 0.00146 0.03519 0.14826 0.14444 0.21788 0.16266 0.05720 0.02645 0.02892 0.02730 0.03432 0.05122 0.06207 0.00254 
168	3	0.00002 0.00721 0.06123 0.22032 0.09670 0.09666 0.13579 0.05520 0.01610 0.01811 0.02356 0.04423 0.10015 0.10020 0.02390 0.00061 
169	3	0.00002 0.02116 0.22450 0.17897 0.15985 0.11120 0.04599 0.01645 0.02022 0.03100 0.04446 0.03855 0.05462 0.04296 0.00933 0.00072 
170	3	0.00002 0.00031 0.00622 0.04267 0.10432 0.12960 0.14204 0.11219 0.10961 0.09775 0.07968 0.04674 0.03507 0.03562 0.04915 0.00901 
171	3	0.00006 0.00170 0.00872 0.02711 0.04079 0.04830 0.05820 0.07214 0.07955 0.07108 0.07097 0.09938 0.18060 0.18991 0.04100 0.01048 
172	3	0.00005 0.00041 0.00306 0.00545 0.01616 0.03791 0.06407 0.07925 0.08962 0.08139 0.08769 0.12622 0.31143 0.06087 0.02398 0.01244 
173	3	0.00090 0.00335 0.00785 0.00562 0.01241 0.02259 0.03906 0.09782 0.18067 0.20528 0.16792 0.11653 0.07012 0.05128 0.01784 0.00075 
174	3	0.00001 0.00012 0.00232 0.00450 0.03638 0.35516 0.08980 0.05516 0.04998 0.07527 0.08147 0.05814 0.04848 0.04992 0.06191 0.03137 
175	3	0.00000 0.00000 0.00008 0.00028 0.00230 0.18392 0.11737 0.05523 0.05480 0.11408 0.15222 0.10277 0.07665 0.05776 0.05745 0.02505 
176	3	0.00001 0.00054 0.00169 0.00873 0.21866 0.13455 0.04443 0.04120 0.08770 0.11281 0.09672 0.07397 0.04974 0.05167 0.05621 0.02135 
177	3	0.00004 0.00018 0.00057 0.00168 0.08003 0.28326 0.12587 0.07009 0.05725 0.06974 0.06720 0.06125 0.04082 0.04103 0.06128 0.03969 
178	3	0.00063 0.00400 0.08073 0.09547 0.19807 0.13824 0.07020 0.06440 0.05886 0.05715 0.05910 0.06362 0.06630 0.03592 0.00554 0.00178 
179	3	0.00077 0.00415 0.04491 0.09160 0.15751 0.14562 0.09140 0.05909 0.04696 0.05103 0.05993 0.08128 0.10406 0.05268 0.00760 0.00139 
180	3	0.00107 0.00447 0.04584 0.08332 0.15424 0.13007 0.07497 0.05512 0.05075 0.06245 0.08555 0.12693 0.10058 0.02125 0.00241 0.00097 
181	3	0.00208 0.00977 0.06635 0.12979 0.14984 0.09932 0.05948 0.05705 0.05739 0.07638 0.11528 0.12352 0.04729 0.00373 0.00188 0.00083 
182	3	0.00044 0.00383 0.06195 0.04463 0.04651 0.02838 0.03823 0.06143 0.07737 0.11119 0.12329 0.10065 0.08790 0.06935 0.09057 0.05426 
183	3	0.00014 0.00428 0.08499 0.12803 0.13524 0.10502 0.07906 0.06922 0.05487 0.05688 0.07641 0.10720 0.07584 0.01537 0.00504 0.00241 
184	3	0.00007 0.00066 0.00396 0.01516 0.04540 0.05927 0.09024 0.10053 0.12644 0.11485 0.13040 0.14740 0.09585 0.05404 0.01469 0.00103 
185	3	0.00000 0.00001 0.00007 0.00201 0.01063 0.02562 0.04608 0.06827 0.10291 0.15566 0.14950 0.17536 0.14593 0.08883 0.02485 0.00426 
186	3	0.00013 0.00795 0.05413 0.09468 0.11945 0.08658 0.04989 0.03705 0.04373 0.05925 0.08595 0.10886 0.08550 0.06874 0.06918 0.02892 
187	3	0.00010 0.01197 0.04514 0.06257 0.10038 0.11422 0.06133 0.04140 0.04275 0.07415 0.10413 0.10826 0.08351 0.06258 0.06028 0.02721 
188	3	0.00008 0.00496 0.03529 0.07066 0.10311 0.09849 0.05413 0.03655 0.04370 0.06455 0.08119 0.08839 0.07685 0.07106 0.09928 0.07170 
189	3	0.00007 0.00234 0.00926 0.01940 0.02836 0.06602 0.11654 0.14799 0.10589 0.07324 0.06677 0.09030 0.12827 0.06703 0.07371 0.00480 
190	3	0.00001 0.00037 0.00357 0.01110 0.03493 0.10908 0.14067 0.13995 0.15032 0.10337 0.06430 0.05391 0.04320 0.04170 0.04443 0.05907 
191	3	0.00002 0.00020 0.00155 0.01442 0.03109 0.05558 0.07370 0.09914 0.11249 0.10184 0.10316 0.09324 0.06045 0.06907 0.11540 0.06863 
192	3	0.00000 0.00025 0.00931 0.04424 0.04512 0.06362 0.09498 0.12705 0.11869 0.10137 0.07638 0.06352 0.05122 0.05792 0.07697 0.06933 
193	3	0.00118 0.00425 0.02431 0.03048 0.04062 0.04236 0.05731 0.07976 0.09773 0.10183 0.11805 0.11108 0.10199 0.08138 0.06882 0.03884 
194	3	0.00007 0.00130 0.01691 0.07646 0.21045 0.16352 0.09574 0.07897 0.08696 0.05217 0.03206 0.02786 0.02857 0.03956 0.04832 0.04107 
195	3	0.00129 0.02897 0.07429 0.18530 0.15233 0.09204 0.07809 0.05910 0.03613 0.02736 0.02249 0.02855 0.03837 0.04733 0.03087 0.09748 
196	3	0.00039 0.01509 0.04690 0.10213 0.20398 0.10439 0.04053 0.04011 0.02466 0.02628 0.02680 0.03138 0.04911 0.06450 0.05067 0.17307 
197	3	0.00007 0.00239 0.01370 0.11150 0.24523 0.16189 0.11162 0.05277 0.03141 0.02135 0.02380 0.03559 0.08907 0.08643 0.01264 0.00053 
198	3	0.00011 0.00744 0.02853 0.07398 0.22793 0.16297 0.12072 0.05774 0.05869 0.03388 0.02372 0.02685 0.08389 0.08402 0.00916 0.00037 
199	3	0.00006 0.00346 0.07744 0.22524 0.22677 0.06851 0.02376 0.02270 0.02644 0.04458 0.03163 0.03442 0.06485 0.13216 0.01602 0.00197 
200	3	0.00020 0.00977 0.02344 0.10464 0.11693 0.07285 0.05608 0.06212 0.07509 0.06497 0.06464 0.08255 0.12755 0.10450 0.03040 0.00426 
201	3	0.00001 0.00542 0.03265 0.05223 0.08150 0.07367 0.11049 0.13948 0.13839 0.10004 0.10275 0.06998 0.03941 0.04065 0.00915 0.00418 
202	3	0.00017 0.00391 0.02005 0.06323 0.09016 0.11261 0.13400 0.11538 0.09952 0.07470 0.05448 0.06015 0.08717 0.07365 0.01010 0.00072 
203	3	0.00007 0.00357 0.01268 0.03817 0.12067 0.12512 0.09815 0.11405 0.09627 0.07817 0.07547 0.07295 0.07820 0.06367 0.02088 0.00192 
204	3	0.00013 0.00054 0.00369 0.00682 0.01696 0.03648 0.05303 0.07033 0.12369 0.18197 0.17583 0.14110 0.12663 0.04461 0.01484 0.00335 
205	3	0.00046 0.01555 0.07247 0.33632 0.30470 0.06174 0.02679 0.02535 0.02230 0.01947 0.02096 0.01924 0.02168 0.02200 0.02132 0.00964 
206	3	0.00006 0.00470 0.03153 0.11790 0.43211 0.15065 0.04941 0.03278 0.02817 0.02542 0.02279 0.02365 0.02482 0.02608 0.02053 0.00939 
207	3	0.00007 0.00544 0.04514 0.20682 0.25100 0.09954 0.05925 0.05054 0.05421 0.05260 0.05670 0.04797 0.03669 0.02075 0.00945 0.00384 
208	3	0.00001 0.00005 0.00156 0.01110 0.01642 0.01502 0.02012 0.03066 0.03775 0.05728 0.09160 0.14216 0.19800 0.25746 0.11726 0.00353 
209	3	0.00000 0.00004 0.00678 0.02854 0.03197 0.04556 0.05021 0.06771 0.11002 0.09792 0.09949 0.11838 0.14521 0.13417 0.06144 0.00256 
210	4	0.00061 0.00301 0.00720 0.01260 0.03252 0.05827 0.07042 0.05600 0.03369 0.03007 0.17367 0.11480 0.05800 0.29731 0.02150 0.03032 
211	4	0.00077 0.00237 0.00593 0.00815 0.01342 0.01605 0.01925 0.03107 0.03705 0.15575 0.22620 0.03706 0.16211 0.24397 0.02395 0.01689 
212	4	0.00009 0.00022 0.00273 0.00399 0.00685 0.01376 0.02558 0.04230 0.06308 0.20030 0.14932 0.02360 0.19864 0.22819 0.02343 0.01792 
213	4	0.00460 0.00515 0.00822 0.00487 0.00565 0.00689 0.01897 0.07407 0.17147 0.14792 0.10700 0.09355 0.11025 0.04022 0.14970 0.05147 
214	4	0.00039 0.00150 0.00583 0.00882 0.01517 0.02192 0.03525 0.05842 0.06277 0.10551 0.15158 0.08414 0.18910 0.18797 0.04636 0.02526 
215	4	0.00037 0.00098 0.00474 0.00761 0.01724 0.02617 0.03972 0.06629 0.07299 0.07933 0.11468 0.08601 0.17927 0.22752 0.04482 0.03225 
216	4	0.00038 0.00118 0.00441 0.00580 0.01120 0.01639 0.02216 0.02948 0.03974 0.10741 0.07405 0.20127 0.29024 0.14282 0.03473 0.01875 
217	4	0.00016 0.00049 0.00150 0.00133 0.00227 0.00294 0.00390 0.00540 0.00792 0.01404 0.05363 0.26161 0.42054 0.10262 0.09319 0.02845 
218	4	0.00001 0.00005 0.00145 0.00340 0.01082 0.01492 0.03011 0.07211 0.19622 0.20800 0.27718 0.04319 0.04609 0.06307 0.02373 0.00965 
219	4	0.00008 0.00038 0.00341 0.00380 0.00764 0.01201 0.02084 0.03968 0.09137 0.23500 0.31309 0.05631 0.07618 0.07863 0.04680 0.01477 
220	4	0.00050 0.00122 0.00791 0.01253 0.01810 0.01313 0.00834 0.00894 0.03486 0.06610 0.08262 0.29467 0.17569 0.11776 0.12755 0.03005 
221	4	0.00001 0.00005 0.00026 0.00061 0.00226 0.00754 0.02388 0.06233 0.07605 0.18294 0.12392 0.06895 0.12330 0.21149 0.09541 0.02100 
222	4	0.00055 0.00109 0.00578 0.00976 0.01594 0.01810 0.03568 0.07250 0.12322 0.18282 0.12210 0.07373 0.11769 0.13593 0.06221 0.02290 
223	4	0.00017 0.01372 0.02665 0.01692 0.00557 0.01153 0.00501 0.08877 0.06655 0.04411 0.06910 0.14449 0.20473 0.14045 0.12836 0.03386 
224	4	0.00040 0.00109 0.00293 0.00304 0.00573 0.00928 0.01550 0.03875 0.08007 0.12463 0.15432 0.15102 0.13807 0.14235 0.09570 0.03713 
225	4	0.00072 0.00189 0.01688 0.01400 0.01108 0.01372 0.01993 0.03933 0.05958 0.34014 0.18741 0.03820 0.04574 0.09235 0.09309 0.02593 
226	4	0.00082 0.00106 0.00346 0.00484 0.01005 0.01710 0.02522 0.04283 0.07226 0.11472 0.11441 0.05667 0.32136 0.16308 0.03987 0.01226 
227	4	0.00010 0.00052 0.00474 0.00881 0.01331 0.01575 0.03021 0.06809 0.07652 0.06950 0.09045 0.11386 0.21055 0.09729 0.16270 0.03759 
228	4	0.00056 0.00132 0.00460 0.01012 0.02877 0.05722 0.07255 0.06645 0.06761 0.11246 0.09320 0.06477 0.13161 0.11679 0.03122 0.14075 
229	4	0.00094 0.00148 0.00535 0.00869 0.02072 0.03706 0.06018 0.07095 0.07118 0.10606 0.19126 0.09515 0.10924 0.08824 0.06821 0.06529 
230	4	0.00081 0.00215 0.00866 0.01421 0.02767 0.04265 0.04832 0.03716 0.01893 0.13907 0.28362 0.03984 0.22855 0.07402 0.01746 0.01687 
231	4	0.00126 0.00240 0.00432 0.00500 0.00926 0.01737 0.03255 0.04766 0.04087 0.04873 0.15688 0.10348 0.27979 0.05184 0.15043 0.04815 
232	4	0.00036 0.00092 0.00247 0.00253 0.00509 0.00952 0.01922 0.03824 0.07393 0.12111 0.17760 0.12595 0.12220 0.12951 0.04508 0.12627 
233	4	0.00103 0.00149 0.00321 0.00479 0.01204 0.02664 0.04214 0.05623 0.06134 0.11609 0.15974 0.14894 0.09404 0.07183 0.10022 0.10023 
234	4	0.00018 0.00101 0.00445 0.00622 0.01124 0.02360 0.05745 0.12476 0.12779 0.10063 0.08356 0.20795 0.12298 0.07369 0.04946 0.00505 
235	4	0.00069 0.00139 0.00569 0.01332 0.03323 0.05242 0.05979 0.07387 0.06541 0.05385 0.21607 0.17430 0.10084 0.10903 0.03551 0.00458 
236	4	0.00049 0.00116 0.00353 0.00569 0.01330 0.02537 0.03407 0.03368 0.04424 0.19253 0.17711 0.01490 0.36133 0.05258 0.02030 0.01973 
237	4	0.00086 0.00118 0.00381 0.00487 0.01005 0.01630 0.02324 0.03317 0.05443 0.12952 0.24589 0.07590 0.09823 0.27177 0.01561 0.01515 
238	4	0.00003 0.00022 0.00166 0.25802 0.28572 0.07632 0.03872 0.03969 0.04017 0.03907 0.02702 0.02452 0.02825 0.07180 0.06845 0.00032 
239	4	0.16887 0.20423 0.02525 0.01740 0.01899 0.02258 0.05506 0.14010 0.30180 0.02464 0.00967 0.00547 0.00287 0.00242 0.00053 0.00011 
240	4	0.00000 0.00000 0.06138 0.13783 0.10657 0.06340 0.04956 0.23186 0.30715 0.01902 0.00886 0.00606 0.00382 0.00397 0.00048 0.00002 
241	4	0.00003 0.00035 0.00989 0.03264 0.03704 0.03887 0.04278 0.16335 0.13996 0.15723 0.11042 0.07225 0.07830 0.08546 0.03005 0.00137 
242	4	0.00000 0.00014 0.00292 0.01262 0.02447 0.02491 0.09662 0.14224 0.16833 0.15166 0.09105 0.07633 0.08513 0.08723 0.03484 0.00152 
243	4	0.00002 0.00020 0.00098 0.00194 0.06545 0.20953 0.09039 0.07397 0.05502 0.06841 0.07621 0.11230 0.13550 0.08613 0.02303 0.00090 
244	4	0.00001 0.00019 0.00046 0.00084 0.06907 0.30270 0.05507 0.02182 0.12931 0.09567 0.08080 0.09372 0.07329 0.06518 0.01110 0.00077 
245	4	0.00002 0.00125 0.01212 0.03018 0.05950 0.11639 0.14147 0.12879 0.09274 0.08928 0.07481 0.07085 0.06665 0.07010 0.04566 0.00020 
246	4	0.00001 0.00036 0.00986 0.06084 0.06526 0.05653 0.17206 0.17637 0.11144 0.06578 0.04151 0.06066 0.08222 0.07197 0.02480 0.00032 
247	4	0.00001 0.00015 0.00292 0.01869 0.02723 0.04449 0.07797 0.18417 0.25986 0.16039 0.06938 0.03545 0.03850 0.05462 0.02604 0.00012 
248	4	0.00001 0.00007 0.00066 0.00555 0.01688 0.05986 0.09845 0.17085 0.16015 0.03436 0.03255 0.04365 0.12823 0.18274 0.06580 0.00018 
249	4	0.00004 0.00095 0.00574 0.01523 0.35810 0.12182 0.03285 0.04581 0.13922 0.11684 0.05463 0.04092 0.02624 0.02901 0.01254 0.00006 
250	4	0.00004 0.00050 0.00816 0.07783 0.10215 0.06943 0.07972 0.05732 0.02690 0.01462 0.01013 0.30115 0.11514 0.06388 0.05421 0.01881 
251	4	0.00000 0.00002 0.00042 0.00648 0.07100 0.06234 0.06035 0.06222 0.06948 0.11423 0.19129 0.22712 0.08023 0.04051 0.01420 0.00011 
252	4	0.00007 0.01095 0.08823 0.04598 0.00256 0.00134 0.00140 0.00202 0.33518 0.04096 0.05006 0.12923 0.13645 0.11539 0.03975 0.00044 
253	4	0.00001 0.00012 0.00056 0.01421 0.35804 0.05525 0.02322 0.02480 0.06731 0.13498 0.09775 0.10454 0.09480 0.02277 0.00160 0.00002 
254	4	0.00002 0.00046 0.02467 0.02427 0.00125 0.00063 0.00271 0.00732 0.33401 0.10182 0.10527 0.09330 0.13364 0.12806 0.04207 0.00049 
255	4	0.00000 0.00002 0.00062 0.04400 0.10080 0.00425 0.00205 0.00419 0.07982 0.32973 0.04758 0.08279 0.13506 0.12574 0.04300 0.00035 
256	4	0.00001 0.00003 0.00027 0.00133 0.24675 0.19675 0.02532 0.02472 0.05272 0.10605 0.10630 0.09923 0.09816 0.03962 0.00262 0.00010 
257	4	0.00001 0.00020 0.02819 0.08566 0.08960 0.05636 0.05032 0.06150 0.04839 0.08647 0.21162 0.11125 0.04385 0.07847 0.04730 0.00080 
258	4	0.00000 0.00002 0.00027 0.00751 0.02640 0.03150 0.04160 0.06957 0.08862 0.25819 0.16700 0.18414 0.05565 0.04965 0.01957 0.00030 
259	4	0.00001 0.00021 0.00468 0.03171 0.03703 0.03037 0.04591 0.06518 0.06496 0.16967 0.21415 0.17932 0.06142 0.05682 0.03686 0.00170 
260	4	0.00002 0.00012 0.00173 0.01309 0.02707 0.02559 0.03589 0.05390 0.06581 0.15591 0.18609 0.26941 0.05835 0.05295 0.04982 0.00425 
261	4	0.00000 0.00157 0.05514 0.09648 0.07103 0.04994 0.03556 0.03552 0.03898 0.17272 0.29549 0.02900 0.03112 0.03582 0.03831 0.01330 
262	4	0.00003 0.00183 0.02178 0.04615 0.04353 0.03340 0.04017 0.06005 0.08712 0.10850 0.17601 0.29391 0.03366 0.03448 0.01590 0.00349 
263	4	0.00003 0.00142 0.01498 0.03909 0.05661 0.06566 0.08574 0.09484 0.07414 0.05936 0.12973 0.32953 0.02243 0.01624 0.00763 0.00256 
264	4	0.00000 0.00064 0.00565 0.01867 0.00651 0.00065 0.00115 0.00210 0.05926 0.45705 0.03418 0.11294 0.13780 0.10572 0.05641 0.00128 
265	4	0.00000 0.00004 0.00030 0.00115 0.24338 0.24088 0.02080 0.02198 0.06615 0.10900 0.07740 0.08529 0.09172 0.03887 0.00275 0.00027 
266	4	0.00001 0.00002 0.00012 0.00039 0.00145 0.31428 0.17053 0.01422 0.02402 0.10646 0.15263 0.08123 0.08211 0.04830 0.00394 0.00028 
267	4	0.00002 0.00010 0.00034 0.00157 0.22911 0.21041 0.01805 0.02164 0.06211 0.13322 0.08154 0.08237 0.08861 0.05785 0.01215 0.00090 
268	4	0.00000 0.00002 0.00032 0.00197 0.08228 0.15165 0.10354 0.05538 0.07163 0.08003 0.14836 0.13590 0.05880 0.07695 0.03252 0.00065 
269	4	0.00001 0.00013 0.00091 0.01707 0.16882 0.14050 0.06131 0.06079 0.08579 0.09054 0.14067 0.09630 0.05099 0.06226 0.02347 0.00045 
270	4	0.00000 0.00020 0.01212 0.04150 0.05112 0.05702 0.08939 0.10426 0.12915 0.12262 0.06569 0.08252 0.11952 0.08071 0.04294 0.00122 
271	4	0.00011 0.00313 0.02511 0.04454 0.04365 0.05044 0.08989 0.11758 0.12809 0.11307 0.07000 0.07200 0.12101 0.07455 0.04561 0.00122 
272	4	0.00005 0.00105 0.01665 0.03896 0.03868 0.06049 0.12190 0.14999 0.18560 0.08743 0.06184 0.06714 0.08100 0.06840 0.02065 0.00017 
273	4	0.00001 0.00000 0.00072 0.02040 0.05526 0.05035 0.05679 0.15827 0.13253 0.14522 0.09084 0.05892 0.11184 0.07782 0.03940 0.00163 
274	4	0.00001 0.00011 0.08372 0.26380 0.13144 0.03992 0.03859 0.03805 0.05296 0.07355 0.14782 0.03434 0.02587 0.03090 0.03732 0.00159 
275	4	0.00002 0.00002 0.00019 0.00251 0.02922 0.10268 0.04581 0.01617 0.03102 0.05639 0.10075 0.37936 0.06652 0.05854 0.10387 0.00693 
276	4	0.00003 0.00028 0.00106 0.01215 0.00999 0.00874 0.01768 0.01473 0.01462 0.01742 0.01860 0.04360 0.52014 0.30304 0.01788 0.00003 
277	4	0.00000 0.00001 0.00008 0.00032 0.02327 0.08174 0.00832 0.02055 0.04586 0.08651 0.36225 0.11988 0.06559 0.09007 0.09450 0.00105 
278	4	0.00001 0.00008 0.00040 0.07729 0.06425 0.00876 0.02564 0.04146 0.07012 0.32156 0.10021 0.06073 0.06565 0.10105 0.06257 0.00020 
279	4	0.00007 0.00049 0.00678 0.27743 0.09046 0.00594 0.00583 0.01039 0.11527 0.23335 0.11484 0.04636 0.04693 0.03510 0.01032 0.00044 
280	5	0.00002 0.00012 0.00104 0.00414 0.01902 0.04237 0.06605 0.06610 0.05090 0.05216 0.08224 0.11270 0.19770 0.19792 0.08978 0.01772 
281	5	0.00005 0.01057 0.04292 0.10325 0.13368 0.12996 0.09284 0.07112 0.06611 0.06932 0.09124 0.05401 0.04384 0.04024 0.04473 0.00612 
282	5	0.00001 0.00010 0.00293 0.01289 0.02330 0.04922 0.09089 0.12783 0.12010 0.08223 0.07996 0.09009 0.09512 0.10078 0.10175 0.02280 
283	5	0.00000 0.00125 0.01097 0.01025 0.01140 0.01452 0.02649 0.05002 0.07225 0.07781 0.11002 0.16274 0.19240 0.19150 0.06774 0.00064 
284	5	0.00011 0.00485 0.01614 0.01757 0.02965 0.03499 0.03548 0.04682 0.05189 0.07896 0.09887 0.12109 0.16067 0.15449 0.14259 0.00581 
285	5	0.00005 0.00397 0.01871 0.01655 0.01981 0.01990 0.02456 0.02336 0.02057 0.02830 0.13874 0.17829 0.10847 0.16021 0.23734 0.00116 
286	5	0.00005 0.00212 0.01743 0.07535 0.13343 0.12036 0.10004 0.05761 0.03415 0.02615 0.02056 0.01917 0.02801 0.09639 0.25065 0.01851 
287	5	0.00004 0.00036 0.00282 0.00747 0.02301 0.04134 0.09956 0.10010 0.10886 0.13347 0.13462 0.11244 0.09414 0.06963 0.05454 0.01758 
288	5	0.00010 0.00034 0.00128 0.00294 0.00747 0.01285 0.02144 0.04243 0.08002 0.10692 0.15257 0.18793 0.20454 0.11093 0.05740 0.01083 
289	5	0.00006 0.00057 0.00160 0.00529 0.01195 0.00877 0.00614 0.00701 0.02841 0.07104 0.11120 0.12061 0.19320 0.24755 0.16723 0.01935 
290	5	0.00008 0.00071 0.00224 0.00650 0.01265 0.00831 0.00461 0.01040 0.03568 0.08512 0.11736 0.14857 0.17831 0.27180 0.10266 0.01499 
291	5	0.00052 0.00331 0.00538 0.02086 0.04529 0.10420 0.13632 0.11819 0.10718 0.09887 0.10917 0.08893 0.08060 0.05274 0.02582 0.00263 
292	5	0.00001 0.00012 0.00115 0.00470 0.01059 0.02501 0.03866 0.03269 0.04579 0.06394 0.07841 0.08702 0.13494 0.22162 0.18842 0.06692 
293	5	0.00019 0.00420 0.00804 0.01456 0.03622 0.11295 0.18167 0.12201 0.09209 0.09499 0.07917 0.09460 0.07075 0.05461 0.03077 0.00319 
294	5	0.00004 0.00236 0.01424 0.03716 0.06616 0.10838 0.08957 0.09117 0.11453 0.10258 0.11868 0.08479 0.08428 0.06022 0.02508 0.00076 
295	5	0.00007 0.00185 0.00597 0.01865 0.04335 0.07701 0.13066 0.12210 0.12293 0.14353 0.10138 0.06871 0.07426 0.05485 0.03015 0.00452 
296	5	0.00003 0.00004 0.00027 0.00089 0.00370 0.00795 0.01377 0.02455 0.03846 0.07707 0.18090 0.25066 0.18320 0.11196 0.07800 0.02855 
